Case #1: 3 4 6
Case #2: 13 15 23 26 28 32 33 37 38 42
Case #3: 16 39 61 82 102 121 139 156 172 187 201 214 226 237 247 256 257 258 259 260 261 262 263 264 332
Case #4: 12 13 14 15 16 17 18 19 20 21 22 23 24 25 26 27 28 29 30 31 32 33 34 35 36 37 38 39 40 41 42 43 44 45 46 47 48 49 50 51 52 53 54 55 56 57 58 59 60 61
Case #5: 74 80 83 84 88 89 93 98 100 101 102 104 105 109 112 114 116 117 119 121 123 125 127 130 131 133 135 136 138 139 140 145 147 148 151 153 155 156 157 159 162 164 165 167 170 171 173 177 178 180
Case #6: 4 5 6 7 8 9 10
Case #7: 5 6 7 8
Case #8: 6 8
Case #9: 68 95 125 137 161 162 167 210 225 242 253 263 285 298 318 331 349 388 411 413 432 437 462 473 477
Case #10: 5 6 7 8 9 10 11 12 13 14
Case #11: 22 222
Case #12: 30 35 40 45 48 51 52 56 58 60 66 73 74 77 81 82 83 86 90 93 94 97 99 103 106
Case #13: 53 56 72 76 77 79 84 86 92 96 97 105 107 114 118 122 124 127 131 132 134 136 143 146 150
Case #14: 2 22
Case #15: 5 6 10 12
Case #16: 1 3 4 6 7 8 10
Case #17: 2 12 22 32 42 52 62 72 82 92
Case #18: 16 21 22 26 28 29 31 32 34 36
Case #19: 45 51 53 60 66 70 76 78 89 93 94 99 102 103 105 107 111 114 123 126 130 132 135
Case #20: 24 29 32 34 37 42 45 46 50 51 58 61 62 64 65 68 69 73 75 78 80 83
Case #21: 4 5 6 7
Case #22: 46 82 105 125 166 176 191
Case #23: 4 12 19 25 26 27 28 29 30 53
Case #24: 53 73 88 97 137 151 159 168 191 213
Case #25: 30 37 40 43 45 50 54 59 60 61 62 66 68
Case #26: 2 3 4
Case #27: 2 4 7 9 11 14 17 19 22 24 25 26 28 31 34
Case #28: 52 57 58 62 65 69 75 77 78 80 84 85 86 92 93 97 103 104 107 109 111 114 118 121 124 126 127 131 134 136 137 142 143 144 146 151 154 157 161 164 167 168 171 174 175 178 180 181 185 188
Case #29: 45 93 140 186 231 275 318 360 401 441 480 518 555 591 626 660 693 725 756 786 815 843 870 896 921 945 968 990 1011 1031 1050 1068 1085 1101 1116 1130 1143 1155 1166 1176 1185 1193 1200 1206 1211 1212 1213 1214 1215 1315
Case #30: 5 12 19 26 33 40 47
Case #31: 37 87 137 187 237 287 337 387 437 487 537 587 637 687 737 787 837 887 937 987 1037 1087 1137 1187 1237 1287 1337 1387 1437 1487 1537 1587 1637 1687 1737 1787 1837 1887 1937 1987 2037 2087 2137 2187 2237 2287 2337 2387 2437 2487
Case #32: 6 8 9 13
Case #33: 514 564 635 639 701 723 729 759 776 812 832 869 871 894 917 953 963 973 1012 1037 1042 1069 1077 1105 1119 1156 1158 1172 1203 1206 1244 1266 1291 1313 1328 1338 1344 1352 1387 1396 1401 1427 1449 1462 1477 1497 1514 1525 1545 1563
Case #34: 4 7 9 12 14 16 17 18 19 22 26 28 31 32
Case #35: 3 8 12 13 14 15 26
Case #36: 27 30 33 36 37 39 41 44 48 49 54 55 59 61
Case #37: 16 20 22 27 28 31 33 34 35 37 42 44 46 47 50 53 55 58 59
Case #38: 19 20 21 22 23 24 25 26 27 28 29 30 31 32 33 34 35 36 37 38 39 40 41 42 43
Case #39: 1 2 3
Case #40: 22 24 28 37 44 46 50 51 54 58 61 62 63 65 69 70 75 79 80 81 87 92 96
Case #41: 4 8
Case #42: 2 4
Case #43: 16 22 49 73
Case #44: 6 8 10 12 13 15 17
Case #45: 21 24 27 30 33 35 36 39 42 43 46 49 50 52 56 57 62 64 65 68 71
Case #46: 3 5 6 11
Case #47: 3 4 5
Case #48: 27 30 33 34 38 39 42 45 46 48 49 50 53 55 57 58 61 64 65 66 69 71 72 73 75
Case #49: 2 6
Case #50: 9 34 59 84 109 134 159 184 209 234 259 284 309 334 359 384 409 434 459 484 509 534 559 584 609
