Case #1: 3 4 6
Case #2: 22 222
Case #3: 8 10 15 16
Case #4: 3 8 12 13 14 15 26
Case #5: 4 12 19 25 26 27 28 29 30 53
Case #6: 2 22
Case #7: 4 8
Case #8: 14 17 19 20 22 23 25 28
Case #9: 2 4
Case #10: 5 6 10 12
Case #11: 5 6 7 8 9 10 11 12 13 14
Case #12: 5 7 8 9 11
Case #13: 5 12 19 26 33 40 47
Case #14: 4 5 6 7
Case #15: 4 5 6 7 8 9 10
Case #16: 2 12 22 32 42 52 62 72 82 92
Case #17: 3 5 6 11
Case #18: 2 3 4
Case #19: 6 8 9 13
Case #20: 5 6 7 8
Case #21: 16 21 22 26 28 29 31 32 34 36
Case #22: 5 6 8
Case #23: 1 3 4 5 7 8 9 11 12
Case #24: 3 7 8 10 11 12 14 16 19
Case #25: 46 82 105 125 166 176 191
Case #26: 2 6
Case #27: 13 14 20
Case #28: 3 4 5
Case #29: 3 7 11 13
Case #30: 7 9 13 15 17 20 22 24 29
Case #31: 6 8
Case #32: 3 8 11 14 16 20 22
Case #33: 53 73 88 97 137 151 159 168 191 213
Case #34: 3 6 9 10 11 13 15 18
Case #35: 4 5
Case #36: 4 7 10 13 14
Case #37: 6 9 11 19
Case #38: 12 15 16 23 24 27 32 35 38 43
Case #39: 4 5 8 10 14 16
Case #40: 3 4 5
Case #41: 16 22 49 73
Case #42: 1 2 3
Case #43: 6 8 10 12 13 15 17
Case #44: 4 6 8 10 12 14 16
Case #45: 15 23 25 35 38 40 41 44 46 48
Case #46: 5 7 10 13 14 17 19
Case #47: 26 31 35 37 39 44 47 54 55 58
Case #48: 13 15 23 26 28 32 33 37 38 42
Case #49: 3 5 9
Case #50: 1 3 4 6 7 8 10
