50
3
1 2 3
2 3 5
3 5 6
2 3 4
1 2 3
2
22 222
2 22
2 22
4
11 14 16 22
3 6 9 11
6 7 11 14
9 11 15 19
10 11 19 22
6 7 10 11
3 6 8 10
7
4 9 13 16 17 18 28
1 2 3 4 5 6 23
23 25 26 29 30 32 34
6 11 15 18 20 21 33
3 8 12 13 14 15 27
1 2 3 4 5 6 22
6 11 15 18 20 21 32
2 7 8 9 10 11 24
5 10 14 17 19 20 31
5 10 14 17 19 20 30
2 7 8 9 10 11 25
22 24 27 28 31 33 34
4 9 13 16 17 18 29
10
7 15 22 28 33 37 40 41 42 58
5 13 20 26 31 32 33 34 35 55
3 11 18 19 20 21 22 23 24 50
8 16 23 29 34 38 41 43 44 61
6 14 21 27 32 36 37 38 39 57
9 17 24 30 35 39 42 44 45 62
46 49 50 52 54 57 59 60 62 64
1 2 3 4 5 6 7 8 9 47
2 10 11 12 13 14 15 16 17 48
7 15 22 28 33 37 40 41 42 59
8 16 23 29 34 38 41 43 44 60
2 10 11 12 13 14 15 16 17 49
3 11 18 19 20 21 22 23 24 51
4 12 19 25 26 27 28 29 30 52
1 2 3 4 5 6 7 8 9 46
9 17 24 30 35 39 42 44 45 63
47 48 51 53 55 56 58 61 63 64
6 14 21 27 32 36 37 38 39 56
5 13 20 26 31 32 33 34 35 54
2
22 222
2 22
22 222
2
2 6
2 4
6 8
8
2 4 6 8 9 11 13 14
3 6 7 10 11 12 15 17
10 14 17 18 20 22 24 25
9 11 12 14 16 19 20 21
4 6 8 10 12 13 14 15
8 10 11 12 15 17 18 20
9 13 15 17 19 20 21 23
6 10 11 12 14 15 17 20
2 3 4 6 8 9 10 11
6 7 9 11 14 15 17 18
8 12 14 15 16 18 19 22
4 8 9 11 12 14 16 19
13 15 16 17 19 21 24 26
11 12 14 15 18 20 22 24
11 15 18 20 21 24 26 28
2
2 6
6 8
4 8
4
2 4 5 6
6 8 9 12
1 2 3 5
1 2 4 6
4 6 8 10
3 5 8 9
2 4 6 8
10
8 9 10 11 12 13 14 15 16 17
4 5 6 7 8 9 10 11 12 13
10 11 12 13 14 15 16 17 18 19
9 10 11 12 13 14 15 16 17 18
1 2 3 4 5 6 7 8 9 10
8 9 10 11 12 13 14 15 16 17
3 4 5 6 7 8 9 10 11 12
2 3 4 5 6 7 8 9 10 11
2 3 4 5 6 7 8 9 10 11
4 5 6 7 8 9 10 11 12 13
1 2 3 4 5 6 7 8 9 10
6 7 8 9 10 11 12 13 14 15
6 7 8 9 10 11 12 13 14 15
9 10 11 12 13 14 15 16 17 18
3 4 5 6 7 8 9 10 11 12
5 6 7 8 9 10 11 12 13 14
10 11 12 13 14 15 16 17 18 19
7 8 9 10 11 12 13 14 15 16
7 8 9 10 11 12 13 14 15 16
5
2 4 5 7 8
5 7 8 10 12
7 9 10 12 14
2 4 5 7 9
9 11 12 13 16
7 8 9 12 13
8 9 11 14 16
4 6 7 9 11
4 6 7 8 9
7
7 14 21 28 35 42 49
29 30 31 32 33 34 35
22 23 24 25 26 27 28
3 10 17 24 31 38 45
15 16 17 18 19 20 21
36 37 38 39 40 41 42
43 44 45 46 47 48 49
4 11 18 25 32 39 46
2 9 16 23 30 37 44
6 13 20 27 34 41 48
1 8 15 22 29 36 43
8 9 10 11 12 13 14
1 2 3 4 5 6 7
4
3 4 5 6
1 2 3 4
1 2 3 4
3 4 5 6
2 3 4 5
2 3 4 5
4 5 6 7
7
6 7 8 9 10 11 12
6 7 8 9 10 11 12
7 8 9 10 11 12 13
2 3 4 5 6 7 8
1 2 3 4 5 6 7
4 5 6 7 8 9 10
5 6 7 8 9 10 11
3 4 5 6 7 8 9
2 3 4 5 6 7 8
7 8 9 10 11 12 13
3 4 5 6 7 8 9
1 2 3 4 5 6 7
5 6 7 8 9 10 11
10
3 13 23 33 43 53 63 73 83 93
5 15 25 35 45 55 65 75 85 95
71 72 73 74 75 76 77 78 79 80
8 18 28 38 48 58 68 78 88 98
81 82 83 84 85 86 87 88 89 90
9 19 29 39 49 59 69 79 89 99
1 2 3 4 5 6 7 8 9 10
91 92 93 94 95 96 97 98 99 100
11 12 13 14 15 16 17 18 19 20
7 17 27 37 47 57 67 77 87 97
1 11 21 31 41 51 61 71 81 91
21 22 23 24 25 26 27 28 29 30
41 42 43 44 45 46 47 48 49 50
10 20 30 40 50 60 70 80 90 100
6 16 26 36 46 56 66 76 86 96
51 52 53 54 55 56 57 58 59 60
31 32 33 34 35 36 37 38 39 40
61 62 63 64 65 66 67 68 69 70
4 14 24 34 44 54 64 74 84 94
4
2 4 5 9
7 10 12 13
3 5 6 12
8 9 11 13
1 2 3 8
1 2 3 7
2 4 5 10
3
1 2 3
2 3 4
3 4 5
3 4 5
1 2 3
4
7 10 13 14
7 9 12 14
6 7 9 12
3 6 7 10
1 3 6 7
1 3 6 7
3 6 8 9
4
13 14 15 16
3 7 11 15
1 5 9 13
1 2 3 4
9 10 11 12
2 6 10 14
4 8 12 16
10
9 12 13 17 18 22 25 26 27 31
15 19 21 24 25 26 27 28 32 33
14 18 19 21 22 26 29 32 33 36
4 6 9 12 13 16 17 20 21 22
8 10 12 13 14 16 17 19 20 21
13 18 20 22 23 25 26 27 30 32
12 16 18 20 21 25 28 30 32 34
10 14 16 19 20 23 26 27 28 32
2 4 6 8 9 10 11 13 15 16
3 5 7 10 12 14 16 18 19 21
6 7 9 10 11 12 13 16 18 19
4 5 6 7 9 11 12 14 16 18
2 3 4 5 6 8 9 10 12 14
5 7 10 13 14 18 20 22 24 26
10 14 16 18 19 20 22 23 25 26
11 16 17 20 22 23 25 26 28 29
6 9 11 14 15 19 22 23 25 28
9 12 13 14 15 17 18 20 21 22
8 11 12 16 17 20 23 25 26 29
3
2 4 6
2 3 5
6 7 8
3 5 7
4 5 6
9
5 8 9 11 13 15 16 17 19
3 5 6 7 9 10 12 13 14
11 15 17 18 19 21 23 25 26
7 9 10 12 14 17 18 19 20
2 5 6 8 9 11 13 15 16
9 13 15 16 17 19 21 23 24
9 14 18 19 20 22 24 26 28
5 9 11 13 14 16 17 19 21
12 16 18 20 21 22 25 26 28
3 6 8 9 10 13 15 17 18
7 12 14 16 18 19 21 23 25
8 13 16 17 19 20 23 25 26
6 10 12 15 17 18 19 21 22
8 11 13 14 16 18 19 20 22
4 6 8 10 11 12 14 16 18
4 7 10 11 12 14 16 18 20
1 2 3 4 5 6 7 8 9
9
9 11 12 16 17 19 23 24 26
11 15 19 21 23 24 25 27 30
5 7 8 11 13 15 17 19 20
14 17 19 21 22 25 28 30 32
1 3 5 7 8 9 11 13 14
13 17 20 23 25 26 28 29 32
8 13 15 16 18 19 21 23 25
2 5 7 8 10 11 13 15 17
3 5 7 9 11 13 14 15 17
11 13 14 17 18 21 24 25 28
1 2 3 5 6 8 10 11 13
7 8 10 13 15 16 19 21 23
10 14 17 19 21 23 24 26 28
8 10 11 14 16 18 21 23 25
13 15 16 18 19 23 26 27 29
5 9 11 13 14 16 17 18 21
6 11 13 15 16 17 18 19 22
7
111 131 156 166 189 192 203
125 136 162 191 212 237 244
48 102 111 129 189 204 212
41 60 94 119 156 157 162
86 93 119 125 129 131 153
24 49 61 86 111 119 125
61 86 94 105 111 118 139
24 35 41 46 48 63 70
35 51 86 93 131 133 136
119 133 157 176 204 209 224
70 128 139 153 203 224 244
63 115 118 131 192 209 237
49 51 60 82 102 115 128
2
4 8
2 4
6 8
3
9 11 17
5 8 12
12 17 20
8 11 14
5 9 13
3
1 2 3
3 4 5
1 2 3
2 3 4
2 3 4
4
3 6 10 12
10 12 18 19
13 18 19 22
7 10 12 16
6 10 14 18
12 16 19 22
11 14 18 19
9
16 22 23 25 30 33 37 38 42
18 23 24 29 35 36 38 41 44
23 26 28 30 35 40 41 44 49
12 15 17 21 23 26 30 34 35
1 3 7 10 11 15 16 19 23
19 26 29 31 36 38 42 46 49
4 5 9 13 15 19 22 23 26
13 18 20 23 27 29 33 37 40
11 12 15 19 20 21 25 28 30
8 11 13 14 19 20 23 25 28
11 15 19 20 23 27 31 35 36
15 19 20 21 26 29 32 36 38
17 21 22 25 31 32 37 39 41
10 13 14 19 21 23 25 29 31
1 4 8 11 12 13 17 18 19
3 5 11 12 15 18 21 23 26
19 23 25 28 34 37 39 41 46
2
4 8
2 4
2 6
7
8 13 17 21 23 28 29
22 29 34 39 45 52 56
22 33 34 42 45 53 56
11 17 22 24 26 31 34
20 28 32 35 44 48 53
3 8 9 10 13 18 22
9 15 22 27 29 32 34
8 13 15 20 24 28 33
18 28 31 38 43 48 52
16 23 29 31 39 43 45
10 20 24 29 31 35 39
14 21 27 29 34 38 42
13 24 26 34 39 44 45
10
65 84 99 119 151 190 205 206 217 236
76 98 108 141 159 201 208 224 229 246
101 144 147 157 191 222 260 268 272 294
87 134 144 186 216 217 229 265 272 281
2 10 35 44 45 65 76 90 101 117
90 120 136 142 168 211 235 259 265 267
117 168 179 188 213 236 267 274 281 302
2 22 36 40 53 65 81 86 87 103
65 98 121 144 168 190 201 211 222 236
35 43 54 74 88 121 132 137 144 161
36 40 54 74 96 99 108 136 147 179
10 24 40 52 73 98 102 127 134 137
44 61 74 92 97 144 169 184 186 208
103 137 161 208 230 236 246 267 294 302
81 102 132 169 174 205 208 235 260 267
45 79 96 113 137 168 174 199 216 230
40 52 74 92 113 119 141 142 157 188
86 127 137 184 199 206 224 259 268 274
22 24 43 61 79 84 98 120 144 168
8
18 19 27 30 33 34 35 38
9 12 17 20 21 24 27 30
15 18 21 23 25 29 32 34
18 20 24 25 26 31 34 35
3 5 7 9 12 15 18 21
13 15 22 24 27 29 31 32
21 22 27 29 31 32 36 38
7 8 14 17 19 22 24 27
6 7 8 12 14 18 20 22
9 11 14 17 18 21 24 27
5 7 11 12 14 15 17 19
11 14 19 21 22 25 26 31
12 14 18 21 22 27 28 33
15 17 24 27 28 32 34 36
10 12 17 20 21 23 25 29
2
2 4
2 4
4 5
5
7 14 15 18 22
14 15 22 25 30
4 5 7 8 10
13 14 18 24 28
10 20 24 28 30
8 18 20 24 25
5 11 12 14 15
10 12 15 20 24
7 11 14 18 20
4
7 9 14 15
3 7 9 14
10 15 19 24
7 14 17 20
9 11 17 19
14 19 20 24
3 6 7 10
10
14 18 23 24 28 31 36 38 43 48
7 9 11 18 19 22 23 27 33 35
33 39 45 48 54 57 60 64 67 73
34 35 43 44 46 50 57 66 71 73
30 37 40 43 50 51 56 58 66 71
19 22 27 28 34 37 46 50 51 57
29 32 36 38 46 50 54 55 61 66
23 24 27 31 34 37 41 43 45 50
15 19 24 27 29 34 41 46 50 54
30 33 38 39 41 45 56 61 66 67
9 11 16 20 25 27 35 36 40 45
3 7 12 16 18 23 25 29 30 33
18 21 25 28 29 34 37 38 41 46
3 7 9 14 15 19 21 25 30 34
16 17 20 24 27 28 36 37 39 44
7 9 15 17 21 24 30 32 37 39
25 27 35 37 38 43 53 55 58 64
25 30 35 36 41 46 49 53 56 57
21 23 32 36 37 41 49 54 56 60
6
11 14 16 21 22 23
8 12 15 18 19 22
12 17 19 22 24 26
6 8 11 15 16 19
3 4 6 8 11 13
3 4 7 8 11 12
11 14 17 19 22 24
13 16 18 22 23 26
7 9 11 14 17 18
8 10 14 18 21 22
4 5 9 12 14 17
3
1 3 5
5 6 8
3 4 6
1 3 4
4 5 8
4
40 63 72 81
3 16 38 40
25 49 53 72
39 73 80 81
38 52 53 80
3 5 25 39
5 22 52 63
3
3 4 5
2 3 4
2 3 4
1 2 3
3 4 5
7
9 11 14 15 17 18 20
10 13 14 16 18 20 22
2 3 5 8 9 11 13
8 9 12 13 14 17 18
8 10 11 13 14 17 19
1 2 4 6 8 9 10
9 11 13 15 17 18 21
1 2 4 6 8 9 11
6 8 10 12 13 15 16
4 5 6 10 11 13 14
11 13 16 17 19 21 22
2 3 5 8 10 11 13
4 5 6 10 12 14 16
7
11 14 16 17 19 20 23
5 8 10 11 13 16 17
9 16 18 19 21 23 24
2 4 5 6 7 8 9
7 10 11 13 15 17 19
13 16 17 19 20 22 24
2 4 6 7 9 11 13
8 14 15 17 19 20 22
6 8 10 11 13 15 18
7 12 13 15 17 19 20
6 10 11 13 14 17 19
4 6 8 10 12 14 16
9 12 13 14 17 19 21
10
11 20 22 26 27 31 33 36 40 41
6 12 14 17 20 21 23 24 25 29
11 18 21 26 29 31 33 35 38 43
10 15 20 23 26 27 29 33 37 40
14 25 28 31 33 35 37 40 44 47
16 26 29 37 40 41 44 47 49 52
13 21 24 32 35 36 38 40 42 47
8 18 21 24 26 29 30 35 38 40
12 20 23 29 30 33 34 37 40 46
9 13 17 19 24 26 27 31 34 37
3 6 7 9 10 11 12 13 15 16
3 5 6 7 8 11 13 14 16 17
7 15 16 19 23 26 29 32 35 37
13 23 24 27 29 33 34 38 41 44
16 27 29 34 37 38 40 42 46 49
17 29 32 37 40 43 46 47 48 52
7 11 14 16 21 22 24 28 29 32
6 9 12 15 18 20 23 25 27 29
5 9 11 13 15 18 20 21 23 26
7
14 19 22 23 28 31 32
11 14 19 21 23 26 28
6 10 11 13 16 18 21
9 13 16 18 21 22 25
7 10 11 16 19 21 22
14 17 18 22 26 29 31
2 5 7 9 12 14 17
13 17 21 22 26 29 30
9 11 13 18 21 22 23
17 19 21 25 28 30 32
12 14 16 21 23 26 28
2 3 6 9 11 13 14
3 7 10 11 14 17 19
10
15 18 21 23 24 28 29 30 34 35
15 20 24 28 31 37 39 43 44 47
21 26 30 33 34 39 43 47 50 51
3 7 11 15 18 19 21 25 26 29
7 10 11 15 19 20 21 22 23 28
11 12 14 16 22 24 26 27 28 30
25 28 33 34 37 43 45 50 52 55
22 23 28 34 39 45 50 52 55 59
5 10 12 18 20 22 26 28 31 34
18 20 23 25 26 31 34 38 39 43
9 11 14 21 23 24 30 33 35 39
11 15 16 23 25 29 33 34 37 40
3 5 9 11 12 15 16 18 22 25
16 21 26 29 34 41 43 45 47 49
19 22 24 29 33 37 41 43 45 49
29 34 39 40 41 47 49 58 59 63
12 19 22 24 26 33 34 37 39 41
25 28 30 35 43 49 51 55 58 63
18 22 27 30 38 43 47 50 54 58
10
1 2 3 5 7 8 11 13 15 18
9 13 18 21 23 26 29 32 35 37
5 8 13 16 17 21 23 26 28 29
2 5 6 8 10 11 12 15 17 20
11 14 20 23 24 27 31 33 38 39
15 17 25 29 30 35 38 39 40 43
6 10 13 16 19 22 25 26 29 30
3 6 11 13 15 18 20 21 23 24
15 16 23 28 30 33 37 38 40 45
1 2 3 6 8 9 11 12 15 17
8 12 15 17 22 24 26 28 30 31
17 19 24 29 32 34 40 42 43 48
3 8 11 13 15 18 20 23 25 26
2 5 8 10 12 13 14 15 16 19
18 20 26 30 31 37 39 42 45 48
11 12 20 25 26 29 31 34 37 40
8 11 18 22 24 26 27 31 33 34
12 15 21 26 28 31 34 37 39 42
7 10 15 19 22 23 24 28 30 32
3
5 7 13
9 13 17
9 12 17
5 7 12
3 5 9
7
13 18 21 25 28 30 32
6 7 11 15 20 22 25
8 11 15 19 25 28 30
11 15 19 22 25 28 29
8 11 12 15 17 19 20
4 5 10 12 17 19 21
2 4 5 7 9 11 12
1 2 5 8 10 11 13
10 14 17 20 23 25 27
3 4 8 11 14 15 18
10 12 18 20 27 29 32
5 8 10 11 13 15 18
7 9 13 17 23 25 28
