Case #1:
11110110110101001110111111101111 3 2 3 2 7 2 3 2 3
10001000001001100000010110110101 3 2 3 2 7 2 3 2 3
10010110100001111110101101010011 3 2 3 2 7 2 3 2 3
10000101101010011011111001010111 3 2 3 2 7 2 3 2 3
10100000110111001000010001100001 3 2 3 2 7 2 3 2 3
10001000110111110101001100111011 3 2 3 2 7 2 3 2 3
10001010010000010110000100110011 3 2 3 2 7 2 3 2 3
11111111001101101011110111100001 3 2 5 2 7 2 3 2 7
11010010101101101000011101111111 3 2 5 2 5 2 3 2 7
10101000111110011101000001100101 3 2 5 2 7 2 3 2 7
11100110011011011011010010010011 3 2 3 2 7 2 3 2 3
10010011000100001011011010000001 3 2 3 2 7 2 3 2 3
10110010011110011001101101110001 3 2 3 2 7 2 3 2 3
10011100101110010001000010110001 3 2 5 2 7 2 3 2 7
10110100001111010010101001011001 3 2 5 2 7 2 3 2 7
10111100011011010100001110111001 3 2 3 2 7 2 3 2 3
10011111100011111100110100111111 3 2 5 2 7 2 3 2 7
10000110111100011110100111100101 3 2 3 2 7 2 3 2 3
11101000110000000110100001010001 3 2 3 2 7 2 3 2 3
11111010101011010100010001110011 3 2 3 2 7 2 3 2 3
10111011101100000001110101111001 3 2 3 2 7 2 3 2 3
10101101011110101100110101001001 3 2 3 2 7 2 3 2 3
11111100100000111111110001110011 3 2 5 2 5 2 3 2 7
10010100110110111011111000001101 3 2 3 2 7 2 3 2 3
10101000011010010100000001100101 3 2 3 2 7 2 3 2 3
10010111111110001000001001110001 3 2 5 2 7 2 3 2 7
10000100000000110100000110111011 3 2 3 2 7 2 3 2 3
10011110101011111111110111110101 3 2 3 2 7 2 3 2 3
11111010110111111001001110011101 3 2 5 2 7 2 3 2 7
10010101001010001010011100011111 3 2 5 2 7 2 3 2 7
11001111011010010110000100101111 3 2 3 2 7 2 3 2 3
11010110100100110010101000011101 3 2 5 2 7 2 3 2 7
11110011010110101001001001110011 3 2 3 2 7 2 3 2 3
10100100111111011010100000010101 3 2 5 2 7 2 3 2 7
11100011001001011011110110000001 3 2 5 2 7 2 3 2 7
10000110000000110000011000000001 3 2 5 2 7 2 3 2 7
11111000000100110001111010011111 3 2 3 2 7 2 3 2 3
11101100100010001011011101010111 3 2 3 2 7 2 3 2 3
11100011100111000001110110110011 3 2 3 2 7 2 3 2 3
11111100111000011000011010110101 3 2 3 2 7 2 3 2 3
11111100110100001100100010010011 3 2 5 2 7 2 3 2 7
10011111000100111110011001100011 3 2 3 2 7 2 3 2 3
11000010100010011001110101111111 3 2 3 2 7 2 3 2 3
10110111110110110001100010100101 3 2 3 2 7 2 3 2 3
11100001001000000001101101001001 3 2 3 2 7 2 3 2 3
11100000110010000101011100011101 3 7 3 3 5 3 3 7 3
10011101100001001011001111111001 3 2 3 2 7 2 3 2 3
10101101111101110110111110111101 3 2 3 2 7 2 3 2 3
11110100101000010010000000010011 3 2 3 2 7 2 3 2 3
11011111100101001110000000001011 3 2 5 2 7 2 3 2 7
10110000100111010110011011101101 3 2 3 2 7 2 3 2 3
11011100110010000000001000000111 3 2 3 2 7 2 3 2 3
11000110111010111001110010010101 3 2 3 2 7 2 3 2 3
11100111000111011001101000101101 3 2 3 2 7 2 3 2 3
11110000000001000110010000101011 3 2 3 2 7 2 3 2 3
11110101101100011011000000101111 3 2 3 2 7 2 3 2 3
11101100110001111001011011000011 3 2 3 2 7 2 3 2 3
11111110101011111100000101011001 3 2 5 2 5 2 3 2 7
11100101101111100110001110011101 3 2 5 2 5 2 3 2 7
11011110010100000110101100111011 3 2 3 2 7 2 3 2 3
11000010011101111010011001011011 3 2 3 2 7 2 3 2 3
10010000111000001001001111100101 3 2 5 2 7 2 3 2 7
11101100110010000000011000000101 3 2 3 2 7 2 3 2 3
11001101100111100011010001101011 3 2 3 2 7 2 3 2 3
10110010000101001011110111111001 3 2 3 2 7 2 3 2 3
11101101100100001001001111100111 3 2 3 2 7 2 3 2 3
10001001000011100111110110110111 3 2 3 2 7 2 3 2 3
11101011100111010010001011010101 3 2 3 2 7 2 3 2 3
10010000001111110110000000111001 3 2 5 2 7 2 3 2 7
11111111001001100111100000000001 3 2 5 2 7 2 3 2 7
10001101101111100100111001001101 3 2 3 2 7 2 3 2 3
10000010110000101101011100110111 3 2 5 2 7 2 3 2 7
11110111101100111011101111011101 3 2 3 2 7 2 3 2 3
10011110111011001101000101100011 3 2 3 2 7 2 3 2 3
11110110100110111001111111110111 3 2 3 2 7 2 3 2 3
10100101100000010110001000100101 3 2 3 2 7 2 3 2 3
10000110001111110010010011001101 3 2 5 2 7 2 3 2 7
11111000001010110100111100011101 3 2 3 2 7 2 3 2 3
11111000100001000111000000100111 3 2 5 2 7 2 3 2 7
11000100111110011100001011100111 3 2 3 2 7 2 3 2 3
10000001010001101100001000011011 3 2 3 2 7 2 3 2 3
11110110110110000011010010100001 3 2 5 2 7 2 3 2 7
10010001011010100001111100001111 3 2 5 2 7 2 3 2 7
11110110111001011010001001011001 3 2 3 2 7 2 3 2 3
11111101000100001011101001101101 3 2 3 2 7 2 3 2 3
10110001001100001110100100110001 3 2 5 2 7 2 3 2 7
11001100111111000011101100011001 3 2 3 2 7 2 3 2 3
11001111010001011011000010101111 3 2 3 2 7 2 3 2 3
11011010111111100000000101111001 3 2 3 2 7 2 3 2 3
11111110110010001011010001110001 3 2 3 2 7 2 3 2 3
11011110001001011011010010100111 3 2 3 2 7 2 3 2 3
11011110001010101111000100110101 3 2 3 2 7 2 3 2 3
11010000110000111001001110111111 3 2 3 2 7 2 3 2 3
11101000011110011110001101000111 3 2 3 2 7 2 3 2 3
11011011111001111000010011000011 3 2 3 2 7 2 3 2 3
10100011001111011111000010010111 3 2 3 2 7 2 3 2 3
11001100011010011110100001111101 3 2 3 2 7 2 3 2 3
10011110100101101000010010110101 3 2 5 2 7 2 3 2 7
11000011000000100011000001110011 3 2 3 2 7 2 3 2 3
10001111100100011110111010010101 3 2 3 2 7 2 3 2 3
11011010101101100101100110000111 3 2 3 2 7 2 3 2 3
11000011111111110001000010001111 3 2 3 2 7 2 3 2 3
11001100101101111101110110101001 3 2 5 2 5 2 3 2 7
10111101100110000001110001101111 3 2 3 2 7 2 3 2 3
10000011011100110110100011110111 3 2 3 2 7 2 3 2 3
11001010110110000001001111011111 3 2 3 2 7 2 3 2 3
10110110001101101000110001110111 3 2 3 2 7 2 3 2 3
10010000001110011010010100000011 3 2 3 2 7 2 3 2 3
11001011000111111110111111001101 3 2 5 2 7 2 3 2 7
11101001001011011100010111101001 3 2 3 2 7 2 3 2 3
11001111000001110010111010010111 3 2 3 2 7 2 3 2 3
10110000011001000011010010001001 3 2 3 2 7 2 3 2 3
10110111001111100110001100100101 3 2 3 2 7 2 3 2 3
10111001101011011111000001000111 3 2 3 2 7 2 3 2 3
10000100000010010000101101111001 3 2 3 2 7 2 3 2 3
11011110111100100010010001101101 3 2 3 2 7 2 3 2 3
10110011111100010001101011110001 3 2 3 2 7 2 3 2 3
10000111100001101010011101011111 3 2 3 2 7 2 3 2 3
10100011001011101010110111111011 3 2 7 2 5 2 3 2 7
10110101100001100100001011000011 3 2 5 2 7 2 3 2 7
11011011101000100011110111000101 3 2 3 2 7 2 3 2 3
11010010110011011100000110101111 3 2 3 2 7 2 3 2 3
10111111011010100111010001100001 3 2 3 2 7 2 3 2 3
11000011111100010010111110001101 3 2 3 2 7 2 3 2 3
10110011111010100111011100011101 3 2 5 2 5 2 3 2 7
11001000000110011101111010110001 3 2 5 2 7 2 3 2 7
11110110010100100011101100011011 3 2 3 2 7 2 3 2 3
10001000011100100011000100011001 3 2 3 2 7 2 3 2 3
11000001110010111011011010011101 3 2 3 2 7 2 3 2 3
10100111011000001110000100000001 3 2 3 2 7 2 3 2 3
10111101110010111111010110001001 3 2 5 2 5 2 3 2 7
11001011000000011000100110000101 3 2 3 2 7 2 3 2 3
11100001110100101101011010111001 3 2 3 2 7 2 3 2 3
10100001100011000100000011001101 3 2 3 2 7 2 3 2 3
10101111010011110101100000000011 3 2 5 2 7 2 3 2 7
10110101010010101110001100110111 3 2 3 2 7 2 3 2 3
11010000001111111010110010110101 3 2 3 2 7 2 3 2 3
11001101000001010111001000001111 3 7 3 3 5 3 3 7 3
11101101101000011110110001100101 3 2 3 2 7 2 3 2 3
11001100111110111111010010000001 3 2 3 2 7 2 3 2 3
10100101001010111110101101010101 3 2 3 2 7 2 3 2 3
10110111111110101110111101010111 3 2 3 2 7 2 3 2 3
11000000001010001111000001001101 3 2 3 2 7 2 3 2 3
11100010010011011010110110010111 3 2 3 2 7 2 3 2 3
11011011100100001111001001001111 3 2 3 2 7 2 3 2 3
10011001001001111011111000010111 3 2 3 2 7 2 3 2 3
11111100110011111010001100010001 3 2 3 2 7 2 3 2 3
11011111110110110010100000110001 3 2 3 2 7 2 3 2 3
11000110110000011001111000001111 3 2 5 2 7 2 3 2 7
11001000110110011001000110111001 3 2 5 2 7 2 3 2 7
11011100101011011110000111001001 3 2 3 2 7 2 3 2 3
11111100000011010100100010111111 3 2 3 2 7 2 3 2 3
10011000110001100101111111001011 3 2 3 2 7 2 3 2 3
10010010010010011000110111101101 3 2 5 2 7 2 3 2 7
11100010001010011001110111011101 3 2 3 2 7 2 3 2 3
11100111100010010111100100100111 3 2 3 2 7 2 3 2 3
11111001011111001111110110101111 3 2 3 2 7 2 3 2 3
10011100110100110001011110101011 3 2 3 2 7 2 3 2 3
10100011111101010000111010011101 3 2 3 2 7 2 3 2 3
10011101110000101011001011011101 3 2 3 2 7 2 3 2 3
11011000111100011000101111110001 3 2 3 2 7 2 3 2 3
11000001110000100001110010100001 3 2 3 2 7 2 3 2 3
11110001101011100001110100100111 3 2 3 2 7 2 3 2 3
10010111111100110100100010101101 3 2 3 2 7 2 3 2 3
10101101001100111110111100010001 3 2 3 2 7 2 3 2 3
10001000000000110011000111110001 3 2 3 2 7 2 3 2 3
10000100100100110001011000101001 3 2 3 2 7 2 3 2 3
10000111011011000100001101101011 3 2 5 2 7 2 3 2 7
11111110100011011011110001000111 3 2 5 2 5 2 3 2 7
11000010010111011111101010110001 3 2 3 2 7 2 3 2 3
10101100011010010111100111000111 3 2 3 2 7 2 3 2 3
10100000000001101001110010010101 3 2 3 2 7 2 3 2 3
11100111001100111001000011111001 3 2 3 2 7 2 3 2 3
10001101110100111111100010010011 3 2 3 2 7 2 3 2 3
10011010110001001111011000010011 3 2 5 2 7 2 3 2 7
10100000011111111110100000001001 3 7 3 3 5 3 3 7 3
11000110111111011011000110101101 3 2 5 2 5 2 3 2 7
11101111011001101101000010011001 3 2 3 2 7 2 3 2 3
10010111101001000110101110000101 3 2 5 2 7 2 3 2 7
11000111110110001110101000010111 3 2 3 2 7 2 3 2 3
11100111010010010101101011001011 3 2 3 2 7 2 3 2 3
10001001100110111001110011010111 3 2 3 2 7 2 3 2 3
10011110001101111101110011111011 3 2 5 2 7 2 3 2 7
11010000111101100011001111101001 3 2 3 2 7 2 3 2 3
10110100010101110010001110101001 3 2 5 2 7 2 3 2 7
10000100111111101101001100001111 3 2 3 2 7 2 3 2 3
11101001000000001001100101001001 3 2 3 2 7 2 3 2 3
11100000010111110101110100111111 5 2 7 2 5 2 5 2 7
10110111010010001011010001111011 3 2 3 2 7 2 3 2 3
11000101101111100110100101101001 3 2 3 2 7 2 3 2 3
11000010001000000110111111000101 3 2 5 2 7 2 3 2 7
10010100110100111110100110011011 3 2 3 2 7 2 3 2 3
11111100111000110011100001100101 3 2 3 2 7 2 3 2 3
10110100101100011011011011000001 3 2 5 2 7 2 3 2 7
11010110000000110011100001101111 3 2 5 2 7 2 3 2 7
10011111001000011000111001011111 3 2 3 2 7 2 3 2 3
11110101100100101001001000111111 3 2 3 2 7 2 3 2 3
10000001101010011111111101000111 3 2 3 2 7 2 3 2 3
10111100110000011010010110110111 3 2 3 2 7 2 3 2 3
10011111001010011111001100001101 3 2 3 2 7 2 3 2 3
11101011001000010111000111110011 3 2 3 2 7 2 3 2 3
11010011111111110000101111100111 3 2 5 2 7 2 3 2 7
11001101100001010110101101101011 3 2 3 2 7 2 3 2 3
10110000100000111100000100011001 3 2 3 2 7 2 3 2 3
11010001001111100000100110111111 3 2 3 2 7 2 3 2 3
11010110011000111111100000001001 3 2 5 2 7 2 3 2 7
10001001000001010011111000100001 3 2 3 2 7 2 3 2 3
11111110110011110110011011011111 3 2 3 2 7 2 3 2 3
11001011111010010010011001110101 3 2 3 2 7 2 3 2 3
11001010110101000111111011000011 3 2 3 2 7 2 3 2 3
10001111110100010111100000111011 3 2 3 2 7 2 3 2 3
11100000001001010110111111110011 3 2 3 2 7 2 3 2 3
10101011011000110001010111001111 3 2 3 2 7 2 3 2 3
11000101100001101101110010101111 3 2 3 2 7 2 3 2 3
11101100000010000111011100100111 3 2 5 2 7 2 3 2 7
11100110100000011101111000011111 3 2 3 2 7 2 3 2 3
10000100001111100110011001100111 3 2 5 2 7 2 3 2 7
10111000101101010110110101100011 3 2 3 2 7 2 3 2 3
11011111001010110101000010111001 3 2 3 2 7 2 3 2 3
11111110011010000001100001011111 3 2 3 2 7 2 3 2 3
10110100011101101110100101100011 3 2 3 2 7 2 3 2 3
11101010001100000001001111000101 3 2 5 2 7 2 3 2 7
10001001011100111110110110010011 3 2 3 2 7 2 3 2 3
11110010111001001111110000010011 3 2 3 2 7 2 3 2 3
10010110011010111001100110011101 3 2 3 2 7 2 3 2 3
11010000000001101110001011000001 3 2 3 2 7 2 3 2 3
10110001100010001110010111011111 3 2 3 2 7 2 3 2 3
11110011111000001101100100100111 3 2 3 2 7 2 3 2 3
11101101011010110001001011110001 3 2 3 2 7 2 3 2 3
10001111001100111101101100010011 3 2 3 2 7 2 3 2 3
10101010011011010100010000110111 3 2 5 2 7 2 3 2 7
11011000110011110001100011001111 3 2 3 2 7 2 3 2 3
11101011111001010000100111000111 3 2 3 2 7 2 3 2 3
11010001110000001010000010100101 3 2 3 2 7 2 3 2 3
11110100100100000001100000001011 3 2 3 2 7 2 3 2 3
11001101000100111001101110011011 3 2 3 2 7 2 3 2 3
11011111100000110100001110111001 3 2 3 2 7 2 3 2 3
11100110001110000011011101101101 3 2 3 2 7 2 3 2 3
11110000110011111011111101101101 3 2 5 2 7 2 3 2 7
11110010011011001001011001100111 3 2 3 2 7 2 3 2 3
11011000010101001011001010111001 3 2 5 2 7 2 3 2 7
10110111100010101001010001111101 3 2 3 2 7 2 3 2 3
10111110111001100101001100000111 3 2 3 2 7 2 3 2 3
10111010001111111100011001000101 3 2 3 2 7 2 3 2 3
11101000011111011111000110100111 3 2 5 2 5 2 3 2 7
10011011001110111001001101110001 3 2 3 2 7 2 3 2 3
10010011100000111111011110111101 3 2 5 2 5 2 3 2 7
11100010001000110101000110000001 3 2 3 2 7 2 3 2 3
10001001001111111110010001101101 3 2 3 2 7 2 3 2 3
10011011011001001111110000101101 3 2 3 2 7 2 3 2 3
10011011111111110000100000110101 3 2 3 2 7 2 3 2 3
11011010011100011001001110110011 3 2 3 2 7 2 3 2 3
10111111100001101000010111110001 3 2 3 2 7 2 3 2 3
10111001111111101001010100001111 3 2 5 2 5 2 3 2 7
11011001001100011001101001101111 3 2 3 2 7 2 3 2 3
11100111010011101111001011000111 3 2 5 2 5 2 3 2 7
11101000011011000001110111011011 3 2 3 2 7 2 3 2 3
11101001101000001001110101011111 3 2 3 2 7 2 3 2 3
10001100001000101001010100001101 3 2 3 2 7 2 3 2 3
10100011000101101011110010010101 3 2 5 2 7 2 3 2 7
11101000110110110001011000110111 3 2 3 2 7 2 3 2 3
11000010101111010111111000100101 3 2 3 2 7 2 3 2 3
10010000010110000000101111111001 3 2 5 2 7 2 3 2 7
11110100001000011011011110101101 3 2 3 2 7 2 3 2 3
11001100000101111110011010100111 3 2 3 2 7 2 3 2 3
11110000110000110010111110110101 3 2 3 2 7 2 3 2 3
11111000011000000011100100011111 3 2 5 2 7 2 3 2 7
11101001101011000110010110011101 3 2 3 2 7 2 3 2 3
11101100100100111001000000000001 3 2 3 2 7 2 3 2 3
10111011001111000011010000110111 3 2 3 2 7 2 3 2 3
11011000000000001000001101100001 3 2 5 2 5 2 3 2 7
11111010011101001010110101101101 3 2 5 2 5 2 3 2 7
10010000110110000101101001011101 3 7 3 3 5 3 3 7 3
11110110010100111010101000010111 3 2 3 2 7 2 3 2 3
11001110110111010110111111101111 3 2 3 2 7 2 3 2 3
11110110100001100001100110001101 3 2 5 2 7 2 3 2 7
11101111110000001110011110000101 3 2 3 2 7 2 3 2 3
11000001101111110110110010011001 3 2 3 2 7 2 3 2 3
10111011000101011010000111001111 3 2 3 2 7 2 3 2 3
11110111001111100001001001001011 3 2 3 2 7 2 3 2 3
10110001000011111011111001100101 3 2 3 2 7 2 3 2 3
11010011001010100000111111010111 3 2 3 2 7 2 3 2 3
11101101011001001000100110111101 3 2 3 2 7 2 3 2 3
10111011011110010010011111110001 3 2 5 2 5 2 3 2 7
11010101100100011010000000111101 3 7 3 3 5 3 3 7 3
10001110000001100110010011011111 3 2 5 2 7 2 3 2 7
10101010100001110100000101000001 3 2 3 2 7 2 3 2 3
10110110000100111000100001001101 3 2 5 2 7 2 3 2 7
10100010010000010000001001011111 3 2 3 2 7 2 3 2 3
10100011101101010000011101101111 3 2 3 2 7 2 3 2 3
10101101110000110100001111011011 3 2 3 2 7 2 3 2 3
11100011111100101101000111100001 3 2 3 2 7 2 3 2 3
10101101110011010001100110011011 3 2 3 2 7 2 3 2 3
11101100110001000111101010110101 3 2 3 2 7 2 3 2 3
10111000101011010101101111000101 3 2 3 2 7 2 3 2 3
10101101110111110000101110000101 3 2 3 2 7 2 3 2 3
10111111100101001110000110010011 3 2 3 2 7 2 3 2 3
11110110101000011011111001010001 3 2 3 2 7 2 3 2 3
10010111101101101010010100001111 3 2 3 2 7 2 3 2 3
10111101101110011110000001011001 3 2 3 2 7 2 3 2 3
10010011001000010110100000001101 3 2 3 2 7 2 3 2 3
10111110110111100001010110000011 3 2 3 2 7 2 3 2 3
10011011010000010110100010011001 3 2 5 2 7 2 3 2 7
10101001000101010001001101011011 3 5 3 3 5 3 3 7 3
10010011001100000010000011011001 3 2 3 2 7 2 3 2 3
11101100000011110110100101011011 3 2 3 2 7 2 3 2 3
11011101100010100001010110100011 3 2 5 2 7 2 3 2 7
11110110100101010011100001101011 3 2 3 2 7 2 3 2 3
10100111001110100111110010010101 3 2 3 2 7 2 3 2 3
10011101111001000110100110110011 3 2 3 2 7 2 3 2 3
10000111001110110000100000010001 3 2 3 2 7 2 3 2 3
11111001000010010010011101101111 3 2 3 2 7 2 3 2 3
11110011110111000110101001100001 3 2 3 2 7 2 3 2 3
11010101111110111010100100011011 3 2 5 2 5 2 3 2 7
11110000111101111100001111001011 3 2 5 2 5 2 3 2 7
10000001001011000011110100001001 3 2 3 2 7 2 3 2 3
10011001100000011001000110011011 3 2 5 2 7 2 3 2 7
11111000111100111110010111111111 3 2 3 2 7 2 3 2 3
11111000001001101100110110011101 3 2 3 2 7 2 3 2 3
11000110001000110001111110110111 3 2 3 2 7 2 3 2 3
10011110000111010111101011001001 3 2 3 2 7 2 3 2 3
11111111110111101111111011100101 3 2 5 2 7 2 3 2 7
11000000011100111010001111110111 3 2 3 2 7 2 3 2 3
10011001011111010110111000101001 3 2 3 2 7 2 3 2 3
10100101101001111100111111011111 3 2 5 2 7 2 3 2 7
10011011101111110110011111110111 3 2 3 2 7 2 3 2 3
10000110001000001101010000110011 3 2 3 2 7 2 3 2 3
11011000001011110110110110100101 3 2 3 2 7 2 3 2 3
10110000010111011001110010111011 3 2 3 2 7 2 3 2 3
10001111101001100111010111000011 3 2 3 2 7 2 3 2 3
10000011101100110110000000000101 3 2 3 2 7 2 3 2 3
10010001101000010011100110000001 3 2 3 2 7 2 3 2 3
11111110011000110110101101110111 3 2 5 2 7 2 3 2 7
11011010001110110101110011000011 3 2 3 2 7 2 3 2 3
11110110101111000001000100111011 3 2 3 2 7 2 3 2 3
10110000011001110000000000111001 3 2 3 2 7 2 3 2 3
10101001000011110000010100100001 3 2 3 2 7 2 3 2 3
11000100111100101111001100011011 3 2 3 2 7 2 3 2 3
10111111111110011110011101001111 3 2 3 2 7 2 3 2 3
10111010011100000011110111000111 3 2 3 2 7 2 3 2 3
11100110011010010111111010000101 3 2 3 2 7 2 3 2 3
10101100111100001111011001110001 3 2 3 2 7 2 3 2 3
11000000101101100111111001111001 3 2 3 2 7 2 3 2 3
10111001001001110001000110111111 3 2 3 2 7 2 3 2 3
11100101101110000100111011110001 3 2 3 2 7 2 3 2 3
10000001001011110100011000100001 3 2 3 2 7 2 3 2 3
10100111010011111000111100011001 3 2 3 2 7 2 3 2 3
10101001001001111111110000010111 3 2 3 2 7 2 3 2 3
11000001111111111110000000101101 3 2 3 2 7 2 3 2 3
10010001111000000110100001001001 3 2 3 2 7 2 3 2 3
10100011100000010101100100000011 3 2 3 2 7 2 3 2 3
10000000001111000100111110000001 3 2 3 2 7 2 3 2 3
10000001001001001111110000001001 3 2 3 2 7 2 3 2 3
11100010000001100100001100110001 3 2 3 2 7 2 3 2 3
11011101000010110010011111101001 3 2 3 2 7 2 3 2 3
11100101110011100010001100000011 7 5 3 7 5 3 5 7 3
11011000000010000101000001101011 3 2 3 2 7 2 3 2 3
11110101110110100010110010011001 3 2 3 2 7 2 3 2 3
11111001100111011001010000101011 3 2 3 2 7 2 3 2 3
11100111100110011100110011110011 3 2 5 2 5 2 3 2 7
11110100111010001100100001111101 3 2 3 2 7 2 3 2 3
10101000001010010001010001011111 3 2 5 2 7 2 3 2 7
11000011100001111001011111100011 3 2 3 2 7 2 3 2 3
11001111110010101101000111100001 3 2 3 2 7 2 3 2 3
10101100000010001111010000000101 3 2 3 2 7 2 3 2 3
10111111001001101111100001000101 3 2 3 2 7 2 3 2 3
10101101111111011001100010010001 3 2 3 2 7 2 3 2 3
11110000010011111100100000111111 3 2 3 2 7 2 3 2 3
10001110010111010100101011011011 3 2 3 2 7 2 3 2 3
11010011101011011100101000011101 3 2 3 2 7 2 3 2 3
10100110010011001011111101110001 3 2 3 2 7 2 3 2 3
10101110111000010010000001101101 3 7 3 3 5 3 3 7 3
10010010000011000001010001101011 3 2 3 2 7 2 3 2 3
10001101101100100111000110100101 3 2 5 2 7 2 3 2 7
11000010110111110110001001111001 3 2 3 2 7 2 3 2 3
11101010001101001101011001101101 3 2 3 2 7 2 3 2 3
10111001001000010111101100111101 3 2 3 2 7 2 3 2 3
11111011001110111111111100110101 3 2 3 2 7 2 3 2 3
10011101011110011011001000011011 3 2 3 2 7 2 3 2 3
10100000001000001101111101100101 3 2 5 2 7 2 3 2 7
11000011001101100000100010010001 3 2 3 2 7 2 3 2 3
11101001110100110000110010000001 3 2 5 2 7 2 3 2 7
10100111001100101101010001101111 3 2 3 2 7 2 3 2 3
10011110111110010011000001011011 3 2 3 2 7 2 3 2 3
11111011110001000010111100000111 3 2 3 2 7 2 3 2 3
11111010011000100111011110010001 3 2 3 2 7 2 3 2 3
11011100111101110011101110101101 3 2 5 2 7 2 3 2 7
11010010000110101010010101001111 3 2 5 2 7 2 3 2 7
11110110101111000000101101000111 3 2 3 2 7 2 3 2 3
11110011010010111010011100001101 3 2 3 2 7 2 3 2 3
10010001011001100001111011111011 3 2 3 2 7 2 3 2 3
11111100001100001001110100101111 3 2 3 2 7 2 3 2 3
10011000110001010110101101111011 3 2 3 2 7 2 3 2 3
10011110000001110100011001101011 3 2 5 2 7 2 3 2 7
10110111000011011110110100101001 3 2 3 2 7 2 3 2 3
10111101001000001111110110001101 3 2 3 2 7 2 3 2 3
11000101011000101101111001101011 3 2 3 2 7 2 3 2 3
10000011100001110000000110100101 3 2 3 2 7 2 3 2 3
10110000110011000010010111111111 3 2 3 2 7 2 3 2 3
11011001110011101011001001010011 3 2 3 2 7 2 3 2 3
10101100100111000001110001100111 3 2 5 2 7 2 3 2 7
10010111011010101011011000011101 3 2 3 2 7 2 3 2 3
10111111111110111111000101110011 3 2 3 2 7 2 3 2 3
10111001011000110010010101101111 3 2 3 2 7 2 3 2 3
11000000001101001001100100100011 3 2 3 2 7 2 3 2 3
10111101001011101010011101110101 3 2 5 2 5 2 3 2 7
11111010011100110100000001000101 3 5 3 3 5 3 3 7 3
10101101011010000011100111010111 3 2 3 2 7 2 3 2 3
10010010010000110001011010001001 3 2 3 2 7 2 3 2 3
10011001000110000111101110100101 3 2 5 2 7 2 3 2 7
10110011001011011011100001110101 3 2 3 2 7 2 3 2 3
10110011111110010110000111100001 3 2 3 2 7 2 3 2 3
11001101111110111100111110011111 3 2 3 2 7 2 3 2 3
10000100000001001110111010010001 3 2 3 2 7 2 3 2 3
10000000011001010100100011001011 3 2 3 2 7 2 3 2 3
10000000011000011010001110010101 3 2 3 2 7 2 3 2 3
10111011010011001101011011000011 3 2 3 2 7 2 3 2 3
11011000001100010110011110111011 3 2 3 2 7 2 3 2 3
11111010001100011101110011011011 3 2 5 2 5 2 3 2 7
10010010010001000001100010001111 3 2 3 2 7 2 3 2 3
10110000000000110011000100111001 3 2 3 2 7 2 3 2 3
10000000000001011000010010101101 3 2 5 2 5 2 3 2 7
10101001100111010011010011100111 3 2 3 2 7 2 3 2 3
11110010111000011111000110010011 3 2 3 2 7 2 3 2 3
11011000111001001010100100000101 3 2 5 2 7 2 3 2 7
11001111001010000001001000010001 3 2 3 2 7 2 3 2 3
10001100001111011011111110010001 3 2 3 2 7 2 3 2 3
10000011000000011011100101001001 3 2 3 2 7 2 3 2 3
11111100011001001010010111001011 3 2 3 2 7 2 3 2 3
10010111100001111101100110101001 3 2 3 2 7 2 3 2 3
10111010110110110001100101100101 3 2 3 2 7 2 3 2 3
10111111110011010000111100001111 3 2 5 2 5 2 3 2 7
10100100100111001001111101100111 3 2 3 2 7 2 3 2 3
11101100011101101100100000110111 3 2 3 2 7 2 3 2 3
11101011110001011011000011110001 3 2 3 2 7 2 3 2 3
10000101101011111011010101100011 3 2 3 2 7 2 3 2 3
10010101010001011011000011100011 3 7 3 3 5 3 3 7 3
11000010100001111001111110110101 3 2 3 2 7 2 3 2 3
11001110000110101101001100111101 3 2 3 2 7 2 3 2 3
11011101111110101001110010011111 3 2 5 2 7 2 3 2 7
10000011110000111110010000000001 3 2 3 2 7 2 3 2 3
10001111110101000110011010111001 3 2 3 2 7 2 3 2 3
10111011101111000001110110010001 3 2 3 2 7 2 3 2 3
11011110110100001100001011001111 3 2 3 2 7 2 3 2 3
10100001100111111000100101111101 3 2 3 2 7 2 3 2 3
10111111100010010110011001100101 3 2 3 2 7 2 3 2 3
11011001101110010110010011001011 3 2 3 2 7 2 3 2 3
10011100000110110010010000100001 3 2 3 2 7 2 3 2 3
11111001001011010111001010011001 3 2 3 2 7 2 3 2 3
10100001011100111011100100001101 3 2 5 2 7 2 3 2 7
11111101110000110110110011111011 3 2 5 2 7 2 3 2 7
10100110001111001110001101110101 3 2 3 2 7 2 3 2 3
11100110111000111001011110010001 3 2 3 2 7 2 3 2 3
10011111010001000101000010011011 3 5 3 3 5 3 3 7 3
10101000000001101100010101001001 3 2 3 2 7 2 3 2 3
11100110111000111100001101100101 3 2 3 2 7 2 3 2 3
10010011000010011010011111000111 3 2 5 2 7 2 3 2 7
11001000101000110101011111001111 3 2 3 2 7 2 3 2 3
10100111110000110010011001110001 3 2 5 2 7 2 3 2 7
10100000010000110100100110110001 3 2 3 2 7 2 3 2 3
11100010011010110010110000010101 7 5 3 7 5 3 5 7 3
10000100100001011001111100101111 3 2 5 2 7 2 3 2 7
11000110101101111010111000010101 3 2 3 2 7 2 3 2 3
10110110101001100101011010010111 3 2 3 2 7 2 3 2 3
11110111111111001100001111111011 3 2 3 2 7 2 3 2 3
10000110111011111111010001100001 3 2 3 2 7 2 3 2 3
11010001101110111110111111110111 3 2 3 2 7 2 3 2 3
11110011100100111001100011011001 3 2 3 2 7 2 3 2 3
11010011111011101101011111100011 3 2 5 2 7 2 3 2 7
11110100110011111010011000011001 3 2 3 2 7 2 3 2 3
10110101101100111000010110000011 3 2 5 2 7 2 3 2 7
10011011100010110011010101011011 3 2 3 2 7 2 3 2 3
11011111001111100011000000101101 3 2 3 2 7 2 3 2 3
11110010011101011100111110100011 3 2 5 2 5 2 3 2 7
11100000100011111111110101000011 3 2 3 2 7 2 3 2 3
10010101000010000000100011111001 3 2 3 2 7 2 3 2 3
11110011110111010010100000110011 3 2 3 2 7 2 3 2 3
10010011111111010010011000100111 3 2 3 2 7 2 3 2 3
10001111000000111110101101110101 3 2 3 2 7 2 3 2 3
11111100110001111100100010011001 3 2 3 2 7 2 3 2 3
11101110001111100000010001110111 3 2 3 2 7 2 3 2 3
11010100111100001100000001110011 3 7 3 3 5 3 3 7 3
11110010011011001001111100000111 3 2 3 2 7 2 3 2 3
10100111101001101101100101000001 3 2 5 2 7 2 3 2 7
10011011001110000101001011110111 3 2 3 2 7 2 3 2 3
11100000001101110000111111111001 3 2 3 2 7 2 3 2 3
10001001000000001111000100011011 3 2 3 2 7 2 3 2 3
10010001100011001001011110010011 7 5 3 7 5 3 5 7 3
10000000001111101000010001000111 3 2 3 2 7 2 3 2 3
10011001011011110010111001001101 3 2 3 2 7 2 3 2 3
10001110110010110100011111010011 3 2 3 2 7 2 3 2 3
10001101110100100110101011110101 3 2 3 2 7 2 3 2 3
11110010010000100010000001100101 3 2 3 2 7 2 3 2 3
10011010110110100000011111010001 3 2 5 2 7 2 3 2 7
11101100000001100111111011010011 3 2 3 2 7 2 3 2 3
10001010100111000000010001110001 3 2 3 2 7 2 3 2 3
11000001111111011000100110100111 3 2 3 2 7 2 3 2 3
11100101011010001000010011010011 7 5 3 7 5 3 5 7 3
10000101010011110110111010111001 3 2 3 2 7 2 3 2 3
11001101100011111001100011001101 3 2 3 2 7 2 3 2 3
