Case #1:
1011010011111111 3 2 3 2 7 2 3 2 3
1010011000010001 3 2 3 2 7 2 3 2 3
1001110000001001 3 2 3 2 7 2 3 2 3
1100000110100001 3 2 3 2 7 2 3 2 3
1111001011000111 3 2 5 2 5 2 3 2 7
1111001111110011 3 2 3 2 7 2 3 2 3
1010111101000001 3 2 5 2 7 2 3 2 7
1000110110110111 3 2 5 2 5 2 3 2 7
1010000100110001 3 2 3 2 7 2 3 2 3
1011111011100001 5 2 7 2 5 2 5 2 7
1011110000011111 3 2 5 2 5 2 3 2 7
1111110011110011 3 2 3 2 7 2 3 2 3
1011111101100111 3 2 3 2 7 2 3 2 3
1000101100010001 3 2 3 2 7 2 3 2 3
1100101101100001 3 2 5 2 7 2 3 2 7
1011111100100101 3 2 5 2 5 2 3 2 7
1000000101111011 3 2 5 2 7 2 3 2 7
1101100010111101 3 2 5 2 5 2 3 2 7
1011001001000001 3 2 3 2 7 2 3 2 3
1010011101111111 3 2 3 2 7 2 3 2 3
1000111111110111 3 2 3 2 7 2 3 2 3
1000111000010001 3 2 3 2 7 2 3 2 3
1101111100111011 3 2 3 2 7 2 3 2 3
1011110101101111 3 2 3 2 7 2 3 2 3
1110110000100101 3 2 5 2 7 2 3 2 7
1000010110110011 3 2 5 2 7 2 3 2 7
1110111111011001 3 2 3 2 7 2 3 2 3
1000000101001011 3 2 3 2 7 2 3 2 3
1010000101100001 3 2 3 2 7 2 3 2 3
1010010011000001 3 2 3 2 7 2 3 2 3
1010110011011101 3 2 5 2 5 2 3 2 7
1110011110001101 3 2 5 2 5 2 3 2 7
1110101101011111 3 2 3 2 7 2 3 2 3
1111111100011011 3 2 3 2 7 2 3 2 3
1010011100000001 3 2 3 2 7 2 3 2 3
1110110111001111 3 2 3 2 7 2 3 2 3
1000000001100111 3 2 3 2 7 2 3 2 3
1001000000001001 3 2 5 2 7 2 3 2 7
1110101101111101 3 2 3 2 7 2 3 2 3
1010100001011101 3 2 5 2 7 2 3 2 7
1011011111101101 3 2 3 2 7 2 3 2 3
1010011101011101 5 2 7 2 5 2 5 2 7
1001000000111001 3 2 3 2 7 2 3 2 3
1101000010100001 3 2 3 2 7 2 3 2 3
1011011111111001 3 2 3 2 7 2 3 2 3
1100111011011111 3 2 3 2 7 2 3 2 3
1100000001101001 3 2 3 2 7 2 3 2 3
1000101000010101 3 2 3 2 7 2 3 2 3
1111110011101101 3 2 3 2 7 2 3 2 3
1110111011010111 3 2 3 2 7 2 3 2 3
