Case #1:
11100100000011010001101110100111 3 2 5 2 7 2 3 2 11
10111000000000101110110011011111 3 7 13 3 31 5 3 73 7
10111110110011101101110001000001 3 2 3 2 7 2 3 2 3
11011100010001111110110111110101 11 739 3 13 13 3 7 5 3
11001001110100101110101001111001 11 2 3 2 1607 2 101 2 3
10011100100110010101111101101111 5 2 11 2 5 2 89 2 31
10000101101101010101011100011111 3 2 3 2 11 2 3 2 3
10010100100001100010101101101011 3 23 3 3 5 3 3 23 3
10010111000010000101101011110111 23371 7 743 43 1697 17 181 11 7
10101111111110101010101010001001 3 5 463817 3 6476783 1034357 3 504727 601
10001100000100001011100010100011 7 2 3 2 43 2 73 2 3
10010110111000110111001001001001 3 2 5 2 7 2 3 2 7
11000110011110001001011011011101 1559 2 3 2 11491 2 11 2 3
11100101011101100100101101110111 31 2 9227 2 5 2 5 2 317
10110110101011111111010111110001 3 2 5 2 7 2 3 2 11
10001111110000100011010100011001 5 52223 3 2749 5 3 23 269 3
10111000100011101111010011111101 102451 2 61 2 5 2 5 2 7
10111000000001110000001110000011 5 2 3 2 47 2 11 2 3
10101110110011011011010111000001 3 2 3 2 7 2 3 2 3
11001101011110110111001111001101 3 1415081 3 3 907 3 3 163 3
10100010001010111011010000000011 8941 17 5 7 83 463 2239 5 57413
11110011010010001010001110000101 43 53 3 11 5 3 84947 31 3
11111111100100111111110001111101 563 2 3 2 547 2 479 2 3
11010011110001001010000001110011 7 181 3 1241 5 3 977 7 3
10110010010111100011000100111001 3 2 5 2 7 2 3 2 11
10001000001001111111101011010111 5 2 3 2 37 2 5 2 3
11001011110101110001100111101011 3 2 5 2 5 2 3 2 11
10000011111011100111001101001101 3 2 3 2 7 2 3 2 3
10010000011100111110000000110011 3 2 5 2 7 2 3 2 11
11011011111000111010011000111001 3 5 20089 3 13 37 3 61 7
10000010000101100010000100011111 3 2 3 2 7 2 3 2 3
10110101010110111000011011101111 3 2 5 2 5 2 3 2 7
10101111110011000110011101000001 1373 79 13 127 59 4373 11 31 31
10101010100110110011111111001001 613 23 5 7 113 4229 13 5 8999
11011100100101100101000000000111 7 2 13 2 11 2 7 2 19
11111001101001000000001110001101 11 5 3 191 5 3 5 43 3
11000000111101101101010111010011 79 2 3 2 13 2 241 2 3
11100001010111000101100000001111 3 17 3 3 5 3 3 8993 3
11100110101000111110110101010001 3 2 3 2 7 2 3 2 3
10110101100001101100101001001101 3 2 5 2 7 2 3 2 11
11110101100100000101000100110101 7 144013 3 7 5 3 11 7 3
11000011011100100000001100100111 3 2 5 2 7 2 3 2 11
11001001100001101101111100110101 7 2 3 2 13 2 31 2 3
11000111001111110111100011001011 3 2 5 2 5 2 3 2 7
10001001001111111110110001100011 5 2 3 2 37 2 5 2 3
10011011011101111101111000011111 289 2 743 2 241 2 593 2 71
11010111000000111001010001000011 11887 2 131 2 11621 2 7 2 2311
10000110111111101000101101010011 5 2 3 2 43 2 5 2 3
10111010001000110111111111100011 5 2 19 2 5 2 5779 2 61
11010000000000000100000101011011 13 2 119971 2 5 2 43 2 25933
11010010011110011011111110100101 3 2 5 2 5 2 3 2 11
10101011100111010001001111010011 3 2 3 2 7 2 3 2 3
11001011011000001000111110011111 13 2 3 2 55439 2 41 2 3
10111001101010111001100010101101 3 2 3 2 2815843 2 3 2 3
10101100001111010101111110011011 3 2 5 2 5 2 3 2 11
11111011110110001111001101111111 3 2 3 2 7 2 3 2 3
11001111010000010111000100001111 5 2 731 2 37 2 5 2 389
10100001100100111101001011110101 7 7 115571 22483 41 239 37 7 7
11111010001000011010010001111001 41 2 1367 2 17 2 159857 2 253469
11010011001001010001110000101101 3 23 3 3 5 3 3 127 3
10100101111111101010001011111111 8387 2 37 2 11 2 1187 2 7
10011010001000110010001001011101 79 2 11 2 53 2 7 2 107
10010111001011101101110110011011 3 2 5 2 5 2 3 2 11
11001010011010111110011011110001 3 7 7 3 31 5 3 73 7
11111000111110110000111101011101 7 5 3 31 43 3 5 7 3
10000100010101100011000001011001 5 2 3 2 37 2 5 2 3
11111100110110101110001101100101 3 2 5 2 5 2 3 2 11
11001001000011100011011111100001 3 2 5 2 7 2 3 2 11
11101100100110001001001111010001 3 2 5 2 7 2 3 2 11
10100110111010010011010100111011 7 2 3 2 19 2 31 2 3
10010111011110100011100101110111 7 2 19 2 5 2 593 2 162853
10110000011011011101111111111101 11 2 191 2 11 2 63059 2 53
10111100101010010000001000111101 3 13 3 3 5 3 3 7 3
11110110111100011011000110111001 3 2 5 2 5 2 3 2 7
10110111111101010100101110101101 23 97 3 41 53 3 7 53 3
11100010100101100100010000000011 3 2 3 2 7 2 3 2 3
11011110101010010010000101110111 3 2 3 2 7 2 3 2 3
10001101100101101011011001101011 5 2 3 2 37 2 5 2 3
11001101111111111000111111110001 64567 6521 677 103 11 1541341 11 23 71
11000101010011011010101111111101 7 2 37 2 5 2 5 2 7
11110001101111001111000000111001 3 2 3 2 7 2 3 2 3
11010100000101110010011010011011 37 2 47 2 19 2 37 2 23
11010011111101100101110111110001 7 7 3 571 43 3 7 5 3
11000110001011010011011011011011 3 2 3 2 7 2 3 2 3
11111111011111111000001001100001 3 2 5 2 5 2 3 2 11
11100110000011100110001000000011 3 659 163 3 109 5 3 39199 13
10010000111001101010101000101001 3 2 19 2 13 2 3 2 373
11101100010110011110010111000111 3 29 7 3 959561 21019 3 1613 17
10110001001110100101010000100011 3 2 5 2 7 2 3 2 11
10111010011100101111010010100101 661 2 3 2 1823 2 11503 2 3
11111110011100101100000011111101 3 2 5 2 5 2 3 2 14993
11110010100100001001111110110011 31 2 3 2 107 2 17 2 3
11000110110011001100111011010101 197 2 3 2 5683 2 22699 2 3
10000100110010101111110011110101 3 2 3 2 7 2 3 2 3
10011110000110010101011000000111 3 1223 3 3 5 3 3 211 3
11000010100001100111100000011101 3 2 5 2 7 2 3 2 7
10000100011111100100011001010101 7 13 3 31 5 3 43 5 3
11110011110101101110101110101101 5 2 7 2 1273 2 5 2 23
11110100101111001010010110010011 3 2 3 2 7 2 3 2 3
10100111010111111101010011000111 1051 2 43 2 5 2 79 2 7
10000001101110010110111100001001 7 37 3 31 5 3 299 7 3
10101110000000111101111110101011 8677 29 5 11 29 3461 59 5 17299
11111010100111111011111100100101 13 2 207821 2 127 2 127 2 7
11111011101011011001111110010011 5 2 61 2 3541 2 11 2 7
11110110110110010101101010010111 23 2 11 2 5 2 61 2 7
11001011100010010100110010111001 7 2 604603 2 3487 2 11 2 7
11010100101111011101001100000001 7 2 1699 2 23 2 107 2 7
10010001101000010010001101100001 3 2 3 2 7 2 3 2 3
10011010010000111011010101000001 37 2 389 2 1811 2 7 2 19
11000101111001101010110101011001 11 2 3 2 869 2 278689 2 3
10110101001010110111010000011101 3 5 13 3 7967 43 3 73 7
10111000000000101100001001101111 29 2 7 2 337 2 7 2 313
11100000000110010010011001000101 53 2 3 2 13 2 167 2 3
10011111011010111001011001110011 3 2 5 2 5 2 3 2 19
11000111000001011010011111100101 3 53 67 3 3739 5 3 7 1109
10111110001101110000011000111111 103 8227601 17 7 7717 139 859 12497 31
11111010000101000101010100101001 3 11 3 3 5 3 3 2313541 3
10111101001011100101100100110011 3 2 3 2 7 2 3 2 3
11110111111010011100010100101101 19 2 23 2 5 2 449 2 462529
11100111101101001001000001011111 5 2 3 2 37 2 5 2 3
10011010101011001010011110101011 7 2 3 2 94687 2 239933 2 3
10010010011110011101001110110101 139 2 3 2 12007 2 173 2 3
10111111111100100101111110110001 3 2 5 2 7 2 3 2 11
11101110110110110100001001100101 3 2 3 2 7 2 3 2 3
10000001110011001010010010010111 3 2 5 2 7 2 3 2 11
11101000011000010011010001100001 29 5 21599 107 6389 13 5 59 4979
10001100010001101100111011010011 3 2 5 2 7 2 3 2 7
11111011111010110010010111000011 7 2 6367 2 5 2 293 2 223
11110011011001111010110101110001 41369 2 7 2 5 2 5 2 173
10100101001010000110010111111111 3 2 3 2 7 2 3 2 3
11111111000111000100011001001101 5 2 3 2 101 2 23 2 3
11000001001111101010111110001111 3 7 7 3 103 169 3 23 7
10101001000100110110001010001111 3 5 3 3 5 3 3 7 3
11000010010101011111101100010011 3 5 7 3 307 17 3 359 32323
10101010100100100000101110100011 5 2 11 2 509 2 7 2 196291
11100000110011100000100001100111 61 2 19 2 347 2 7 2 43
11010101110001001000000000110001 169 2 3 2 5333 2 11 2 3
11011110011110101110101010011001 13 2 7 2 5 2 91733 2 13
10111010000111100110100001011001 127 2 37 2 451831 2 1549 2 9419
10110010110111011000100111110001 3 2 3 2 7 2 3 2 3
10111100001101111001100111111011 1133 971 3 53 1321 3 7 929 3
10001011100011011001011100010101 163 2 11 2 397 2 43 2 958957
10101011010111111011111001110101 3 2 5 2 7 2 3 2 11
10110100001011010001110000111011 3 2 5 2 7 2 3 2 11
10011110001111101011110101010101 103 2 41 2 5 2 761 2 7933
10010001101101001000011100001011 3 2 5 2 7 2 3 2 11
11000101100100010101110100001001 3 2 239 2 13 2 3 2 71
10010000110011010000010100110001 7 2 3 2 13 2 31 2 3
10001011101001101111100000001001 10061 5 3 7 5 3 5 5 3
11000110100100010011000010111011 1921 37 3 811 5 3 31 2011 3
11010111100000101100101101110011 3 2 3 2 7 2 3 2 3
10011001101110000010100100101001 1661 2 593 2 10513 2 7 2 73
11000110111011101011011111011011 47 2 13 2 1613959 2 11 2 331
11110011101100100110101100000111 5 2 3 2 17 2 197 2 3
10010101111101111100100000110101 13 2 3 2 761 2 53 2 3
10010010011000011010111100010111 3 2 5 2 7 2 3 2 11
11011011111011010000101001100101 3 2 3 2 7 2 3 2 3
10100010000001111100001101110111 3 2 5 2 7 2 3 2 11
10111000110100010111011010001111 3 2 3 2 7 2 3 2 3
10111011010110111111110010111101 41 73 659 167 11 299 169 13 29
11101010111101100000110000011111 7 2 3 2 1693 2 73 2 3
11101111110111100111000110001011 7 67 3 31 43 3 7 7 3
11100110111000010101000010110101 11483 2 29 2 11 2 59 2 269
10011111000100000111011010111011 3 2 3 2 7 2 3 2 3
11000010000110100111110010101011 5 2 7 2 37 2 5 2 437
11110000001100011101000010011101 3 421 3 3 5 3 3 12097 3
11101111000110111000110011011001 3049 1039 29 23 61 191 101 61 31
11110111100110011000001001010101 3 47 131 3 19 5 3 53 67
11100110000010101010001101100011 7 7 3 31 5 3 43 5 3
11101011110010110101101100111001 3433 2 19 2 5 2 5 2 13
10011011000000000111001101100001 13 19 7 13 47 11 2549 181 19
10110001000110111000100101001111 3 2 5 2 7 2 3 2 11
10110000001110100110010110000011 43 2 23 2 807749 2 7 2 13
11010110010011111010010101111101 293 2 11 2 5 2 5371 2 401
10110101001010100101110100011101 3 7 13 3 31 5 3 73 7
10011101100010001110110110101101 19 2 3 2 283 2 107 2 3
10100011101101011001000010100001 433 2 23893 2 23 2 7 2 23
11000110100101100100110011111101 21523 2 3 2 2141 2 5 2 3
10011111111110000010000110101101 193 2 3 2 17 2 31 2 3
10011000001011010110011111110101 5 2 3 2 37 2 5 2 3
10000010000100101111011111101111 7 2 3 2 19 2 1679 2 3
10110010011100011000011100011011 3 2 5 2 7 2 3 2 7
10100100010011000111011010100011 2749 347 3 23 5 3 13 27077 3
11000000110101101100001101011001 3 7 3 3 5 3 3 17 3
10010111010101000111101111100111 577 2 19 2 5 2 23 2 607
11110110001000111100111001010001 31 5 11 7 211 513917 5 64763 229
11111011010100010110111010011011 3 2 5 2 5 2 3 2 7
10110001010010001001001001000011 3 2 3 2 7 2 3 2 3
10111101111100001110011101001011 3 2 5 2 5 2 3 2 11
11110111101000000000101011101001 5 2 13 2 19 2 5 2 101
10100000000010000100110100110001 3 2 5 2 5 2 3 2 11
11010110010100101110100010111111 11 3289 23 7 613 11 419579 11 1931
11101000011110010101100001011101 3 7 13 3 31 43 3 73 7
11011100111110110111100011100111 3 2 5 2 7 2 3 2 11
11100011101101111010101110101011 107 1289 3 299 7 3 7 11909 3
11011010011110000011110101110001 73 2 3 2 313 2 61 2 3
11011000111110110011010111100011 3 2 5 2 5 2 3 2 11
10111010110010000100100010100111 5 43 3 7 5 3 61 5 3
11101100101100101100001001111001 3 79 857 3 181 13099 3 17 787
10001110001000100001111000010101 7129 37 43 144481 1033 1709 79 29 17
10001100000111011111011111000101 33211 2 3 2 7901 2 5 2 3
11001110110111001001011001101001 3 2 3 2 7 2 3 2 3
10111110010101001100010001010001 23 5 3 97 5 3 5 5 3
11001011111010001010011001111011 191 1579 5 1579 11 25873 1329971 5 167
11011111110000100011101110010001 3 2 3 2 7 2 3 2 3
10100111001000111011101001110011 23 2 3 2 11 2 431 2 3
10000010101100101000111111011111 7 2 3 2 43 2 583 2 3
11100000000111110111001111100001 5 17 947 4049 17 5 43 19 572449
10110101001101010000010110011111 41 211 5 11 157 31 43 5 761
10111000101000011001011001100011 3 5 3 3 5 3 3 67 3
10101000001001100101100000101001 5 2 3 2 37 2 5 2 3
10001111111111111010111110111101 3 5 233 3 5 199 3 413429 23
11001011101000111100011010010111 5 2 3 2 37 2 5 2 3
11000000010000011010101000011011 7 2 3 2 13967 2 17 2 3
10011100010001011111101001111001 23 2 3 2 19 2 53 2 3
10010110110100101101011101001011 5 2 3 2 43 2 5 2 3
10100001001111011001000001100011 3 2 5 2 7 2 3 2 7
10000111101100110010110111001101 3 2 3 2 7 2 3 2 3
10110000011110000110100100001001 5 61 31 23917 613733 5 3872917 2029 151
10100110110100110001101001010001 191 5 3 4073 5 3 5 85847 3
10111101011110010011100001101001 3 2 3 2 7 2 3 2 3
10100010001011101101100011000101 3 5 3 3 5 3 3 29 3
11111110100101001111001011000001 3 2 3 2 7 2 3 2 3
11001001000011111010101111011111 5 2 13 2 5 2 163 2 151
11001100011101001010000011011011 3 2 5 2 7 2 3 2 11
11101010010100001111011101010011 349 2 3 2 11 2 17 2 3
11110001010000101110111110110011 5 439 7 7 887 5 223 29 47
11000010011110011001111010110011 47 2 3 2 233 2 11299 2 3
10101110100101010101110010010011 7 5 11 7 13 52517 5 7 61
10100001110000110010100010111101 3 7 3 3 5 3 3 163 3
10111000001101011000011010000101 3 2 5 2 7 2 3 2 11
11110000111101101100110001001101 11 2 3 2 59 2 5 2 3
11001000011011000100000101111111 5 2 7 2 4111 2 383 2 2909
11111110001000110100110110100011 23 2 3 2 17 2 11 2 3
11010101101000010000100000001101 5 2 3 2 257 2 151 2 3
10111011101110101000101101110011 3 2 19 2 5 2 3 2 241
11010000001010101010011101111101 7 15511 197 151 23 22063 23 7 41
11001110101111101110111010001001 3 2 241 2 5 2 3 2 23
11001010010001010101010110100001 1733 2 7 2 337 2 7 2 31
10100101110000111010010110011101 7 5 43 21149 23 169 5 7 4723
10001001111110110111011010111011 3 7 3 3 31 3 3 73 3
10000101100010110111100010100101 1319 5 3 7 5 3 5 109 3
10011100110000011110000110011001 211 6053 3 229 5 3 577 11 3
11010011001100111011101001100101 3 2 3 2 7 2 3 2 3
11111001010010001000001111000001 3 2 5 2 7 2 3 2 11
10001111101001100101011010110001 29 127 11 17 17 17 130661 389 74731
10101011101001011100110001011111 5 193 7 11 2951803 5 71 5851 163
11011011011010001111000010100111 5 2 3 2 37 2 5 2 3
10001101010100100110000000101101 397 7 7 97943 23 29 2381 19 7
11101000000101111010001001110101 3 2 5 2 7 2 3 2 11
10101110001010001111001111100011 3 2 3 2 235601 2 3 2 3
10111011100010100110001001110001 47 2 11 2 11 2 131 2 595313
10100011010100000110111011100011 5 2 7 2 500119 2 19 2 71807227
10110000111011101101100011100101 431 2 3 2 4093 2 17 2 3
11011111011001001000011011000011 37 169 31 601 13 13 37 29 9901
11001111110110110001000011110101 3 5 37 3 17 23 3 191339 7
11001101010000000010010100010111 7 43 5 7 641 14633 149 5 23
11011111110111001000100111111101 17 2 79 2 71 2 4031 2 7
10001010011010111110011011101111 3 2 11 2 5 2 3 2 1117
11001001010010011001010000111001 29 2 1103 2 61 2 5 2 7
11000110110011100111110001101111 3 2 5 2 5 2 3 2 11
11011010001111001100111010000101 7 43 13 773 439 11 13 7 10709
11010000110101000001110110100011 3 5 3 3 5 3 3 1229 3
10010100011100101100001011000011 3 2 5 2 7 2 3 2 11
11000100010000011101011110100111 97 2 1483 2 11 2 479 2 7
11000000011011101000000000110101 3 2 3 2 7 2 3 2 3
10110100001111000001001110011011 3 2 5 2 7 2 3 2 11
11001100100010101101100010001101 3 323923 3 3 5 3 3 11 3
11100101000101000110011000111011 5 2 23 2 269 2 167 2 7
10010101011011010001111101110111 3 2 7 2 5 2 3 2 59
10000100000110000011011010011001 3 2 3 2 7 2 3 2 3
10010110000010010011100011000001 3 2 3 2 7 2 3 2 3
10010000011001100100011111111001 58763 2 331 2 17 2 479 2 587
11111110101111000011101111011011 3 277 23 3 20129 5 3 7 211
11010010110011100101100011001001 3 2 5 2 7 2 3 2 11
11101001101111110111111010011111 737 2 3 2 11 2 127 2 3
11011010010001010110001000111001 7 1437379 3 233 5 3 29 7 3
10101011000010100001101100110101 3 103 3 3 5 3 3 881 3
10111011000000101001001001110001 73 2 29 2 89 2 5 2 871
10001101010000101101000101110011 3 41 3 3 5 3 3 19 3
11010011110010101111111001100101 3 2 5 2 5 2 3 2 11
10111000110011100011010010101001 7 2 3271 2 13 2 19 2 113
10110010100001011100110000011101 11 59729 3 7 5 3 23 103903 3
11011101000001100001010001111001 7 1913 3 43319 5 3 19 5 3
10010011101000111011101111101111 2671 23 3 7 13 3 7 5 3
10100110010000111110100001111111 181 2 3 2 853 2 41 2 3
11011111001110100010101000010001 5 2 383 2 79 2 11 2 19
11011101110001100001101111101011 3 2 5 2 5 2 3 2 11
11000101110000100110001011100011 7 13 3 7 5 3 3887 7 3
11000111111000001101000111110011 5 2 3 2 37 2 5 2 3
10001011010110001100011000000111 3 2 5 2 7 2 3 2 11
11101001111101101111111101010101 3 67 23 3 19 19 3 47 421
10111100011101110101100001001011 5 2 3 2 19 2 5 2 3
11110000100111101100100001110101 5 41 11 2753 11 5 97 13 677
10100101111011111001011100010111 17 2 20627 2 5 2 181 2 127
11000110001101100111011010011101 17 2 3 2 5987 2 19 2 3
11000001100110000010111010011011 3 71837 3 3 5 3 3 53 3
10110000101101101111010000101111 131 2 3 2 97 2 79847 2 3
11001111010111110101110101100011 7 13 3 7 43 3 7 5 3
11000001110010100000110010101111 3 31 3 3 5 3 3 317 3
10010101111010100110001111011101 13 7 9001 29 191 229 11 181 7
11010111011110101000101101110001 1741 5 11 32203 13 23 5 17 23
10110011000101110000010110100011 5 11 3 281 5 3 331 2557 3
10110101000111011111101001010001 97 2 3 2 83 2 5 2 3
10101001011101111000110000000111 3 2 5 2 7 2 3 2 209
11101010001010111001010000110001 3 5 3 3 5 3 3 331 3
11101100100010011111011110100001 7 2 3 2 43 2 73 2 3
10001001011011101010001001001001 7 2 61 2 73 2 7 2 907
11101110111111100000010110110011 7 2 149 2 5 2 47 2 673
10001011101100111111001001010001 11 71 8614553 11 13 97 11 13 61
11011011001010101011101101100111 64927 2 19 2 5 2 23 2 67
10010101010100100100111011011011 3 7 13 3 31 11 3 73 7
11101011001011000101100001000111 3 2 5 2 7 2 3 2 11
10100110101000011001101111011001 3 7 13 3 31 31 3 97 7
11000011000100100010100101101101 3 2 5 2 7 2 3 2 11
10100100111110000001011001111001 3 2 5 2 7 2 3 2 11
10001111100010110100101100110111 47 2 3 2 11 2 1109 2 3
10000001110010111100011111101101 3 2 3 2 7 2 3 2 3
10101010100100100000110110110101 3 17 3 3 5 3 3 31 3
10001101100010110000000000010001 3 2 5 2 5 2 3 2 11
11100000010001011010001111110001 17 7 3 7321 5 3 24197 293 3
11111110100011010001000110111011 7 151 83 6229 13 29 13 7 13
10110100110100000110000101000011 3 3623 5881 3 29 593 3 13 17597
11100110010001000111001001111001 19 2 7 2 22487 2 211 2 13
10011111010011101010010100000011 3 2 5 2 7 2 3 2 11
10101100110100101010110000100011 67 37 3 19 5 3 1943 5 3
11101110101011100011000111111011 47 191 3 11 211 3 7 5 3
10010010010110011001000100101111 11 7 3 3109 5 3 43 607 3
10100000111110101001011101011101 3 2 3 2 7 2 3 2 3
11000111011010000010101110001011 5 2 1241 2 37 2 5 2 67
11000111110010011011000011101111 5 73 43 401 91939 5 331 13 19
10000010011001001101000101000101 43 2 3 2 53 2 389 2 3
10101101010100110001100001000101 7 2 9461 2 139 2 7 2 7
11100110000100110011000100110011 167 1723 3 257 5 3 37259 1964381 3
11011110001110110111000000111111 3 2 5 2 5 2 3 2 11
10001011100110100111010111000001 3 2 5 2 7 2 3 2 11
11111001001000011011011110000111 3 2 3 2 7 2 3 2 3
10100111001011110100001010110101 53 7 815819 577 11 2549 271 277 7
10011011001001101001110011110111 19 13 13 19 41 534649 83 233 180043
10100001101000111111001001101011 23 7 5 409 23 20947 13 5 7
11100100110111010110001010101101 3 2 3 2 7 2 3 2 3
10111001010011010000100001110011 5 271 3 7 5 3 59 71 3
11001111111100100101001100110111 7 2 77711 2 5 2 5 2 12049
11000011110001000001011010011011 361 1861 3 107 5 3 22291 19 3
11001010100111110010010110011011 1069 2 3 2 47 2 389 2 3
10000010001000001101000100010011 3 2 5 2 5 2 3 2 31
10110010101001101010111000100001 7 13 3 31 5 3 2701 7 3
11010000110001001011110010000011 3 2 5 2 7 2 3 2 11
10100011110011110010001010001101 5 2 17 2 23 2 5 2 23
11111000100000101100000010110011 419 2 79613 2 379 2 7 2 29
11000100100001001110111011100111 11 67 19 11 6779 23 47 11 79
10101111010011111101101111010001 1081 5 3 7 797 3 5 23 3
11010010111110100011110010100111 3 7 11 3 23 13 3 17 7
11100111000010110111111000111101 3 2 5 2 5 2 3 2 11
11110011001010010111101001111001 17 13 13 13 1439 863 3247 67 23
10110101101110110011000000111101 3 2 3 2 7 2 3 2 3
11011111101101110100110001010111 7 559 3 11 43 3 7 5 3
10101010000101110000110110011101 3 2 5 2 7 2 3 2 7
11101011110000000001111010001001 3 79 3 3 5 3 3 29 3
10000011011010101101000100011101 5 7 3 239 5 3 163 61613 3
10100111000010001010000010001011 3 2 3 2 258109 2 3 2 3
11010100000010101100000111010001 3 193 437321 3 20551 1427 3 102019 73
10110010000010111111001101000101 3 2 5 2 7 2 3 2 11
10101010100010000001110011000001 17 2 3 2 1297 2 17 2 3
10100011010100001110000011001111 13 427879 3 173 5 3 11 15661 3
10111000010111001101001000100011 149 73 3 157 5 3 947 379 3
10010011100000110111111110111011 727 2 149 2 5 2 13 2 7
10101011110110111110010011000011 3 395537 18701 3 19 13 3 312407 23
11111110010001001110010000111001 23 9817 7 1583 53 509 17 59 570259
11101001001001111100010001100111 1031 7 199 137 1607 421 13 191 7
11101110110100101111110010110011 3 529 3 3 19 3 3 4517 3
11100111001101011110001110110011 3 2 5 2 5 2 3 2 7
10100110001100110110000011100011 3 5 3 3 5 3 3 493 3
10001110000101001001100010100001 5 2 3 2 61 2 89 2 3
11000110111000100100001001011111 3 2 5 2 7 2 3 2 11
10001111001001001101110101001001 461 2 23 2 6337 2 5 2 656297
10011001101011000000001111011101 3 2 5 2 7 2 3 2 11
10001110010110001011011110100001 7 2 653 2 269 2 4679 2 204793
11000100111001110110111011100001 3 2 3 2 7 2 3 2 3
11000001101101101101101001110011 3 2 3 2 7 2 3 2 3
11010000011110001010101100100011 3 5 3 3 5 3 3 2971 3
10010111000110110110000101011101 7 17 5 19 211 83 19 5 61
11111000111100111001010101001011 5 181 7 7 11 5 83921 71 1277
10011001011010111000110101110101 461 2 3 2 19 2 11 2 3
10111110110100001011000010111101 403 2 3 2 7331 2 1289 2 3
10110000001010000101100101000101 17 2 3 2 13 2 23 2 3
10010100010010111001000000011111 97 2 887 2 151 2 7 2 199
10100110010101101011001000101011 41 2 37 2 89 2 15439 2 7
11011100011011001111101010010001 3 2 3 2 7 2 3 2 3
11100000000010110011001010010001 5 2 3 2 51930353 2 101 2 3
11110010101101000000100100010111 19 5 3 7 5 3 5 11 3
10110100010101111010010001001011 7 2 117541 2 29 2 23 2 17
10100001000110111010010011111011 3 13 73 3 10831 17 3 29 823
11011000110001001111011000111101 23 2 3 2 293 2 1681 2 3
11101011010110111010100110101001 41 809 5 7 19 23 13 5 1063
10110010101111100001101111000111 3 5 209 3 11 334427 3 179 797
11010010110011010111011110110001 3 52817 49919 3 258119 31 3 6361 3643
11000011010010110111011100101111 7 3161057 13 241 13 29 319 7 281
11001001110100010010100110011001 29 1723 3 1699 5 3 11 41 3
10110110111111001010011000110111 5 2 446461 2 5 2 646103 2 1459
11100100100101010011001001010011 3 7 3 3 5 3 3 907 3
11011000010100110011010001010001 3 2 569 2 79 2 3 2 14633
10011001001111110101000011110011 11 2 3 2 41 2 27091 2 3
11000101000100000011000000100111 3 71 50989 3 19 5 3 9151 13
11111101100100100101010011100111 3 7 7 3 17 2437 3 312701 7
10011110100110000000000101111011 47 17 3 7 5 3 13 23 3
11100110111100011100000101000101 37 2 7 2 271 2 11 2 7
11011100111100100101011001001001 3 5 2568317 3 11 37799 3 1861 61
10111010111111111000000111101101 3 5 3 3 31 3 3 7 3
11100011001001001000101011111001 5 2 13 2 37 2 5 2 17
10100110001001111100111000100111 3 7 13 3 31 5 3 53 7
10000111101011000111010000011001 23 887 3 32069 5 3 9419 11 3
11000110101101100101110111011001 3 107 631 3 79 5 3 6701 113
11001011100010100101011001111101 3 2 3 2 7 2 3 2 3
11011011100100000011011100101001 3 2 5 2 7 2 3 2 43
10011111000000111000110001000011 3 2 5 2 7 2 3 2 11
11101101000100101010111111110101 3 2 5 2 5 2 3 2 11
11000011010010010010001110000111 3 2 5 2 7 2 3 2 59
10001001111000111101000001001001 3 2 5 2 7 2 3 2 11
10100001100110000000110110000101 3 2 3 2 7 2 3 2 3
10111110001101110011110110111011 11 2 7 2 11 2 5 2 113
11111000110111111110010100001011 3 2 5 2 5 2 3 2 7
11010010110101100100100101000011 3 7 3 3 5 3 3 67 3
10011011111111110100111010110111 11 163 38923 19 647 17 743 13 23
11000101110101010101011100011011 11 2 3 2 31935011 2 41 2 3
11010100001001100101111001010011 19 2 7 2 787 2 67 2 7
11011110100001110001101010010101 11 5 11 43 169 400597 5 47 7
10010110011101010100110001111111 5 103 5 179 19 5 563 5 1699
11101011011011001010001101100101 7 2 3 2 19 2 29 2 3
11000100101010011100010001010111 3 3121 3 3 5 3 3 79 3
10110010000110111000111110000001 3 7 3 3 5 3 3 1241 3
11100110001011111111011100100111 7 13 3 31 19 3 7 7 3
10000001101001010000100000100101 3 2 5 2 5 2 3 2 11
11101110000110010001100101110101 3 83 19 3 131 5 3 25733 1019
10000010101101101101010100000101 5 2 37 2 37 2 5 2 19
11001010101100111100001000111011 37 5 5 71 61 11 5 5 47
11101010011001101011111001010011 3 218749 83 3 3697 130517 3 7 17
11000110000101100011111000000101 29 2 181 2 2736089 2 7 2 281717
10100101100111110010000010110111 691 5 19 7 3863 2930371 5 1081 19
11011111011000011000111100001111 103 13 11 23 23 37 17 926777 367
10001100110101110111011110011001 3 5 17471 3 19 223 3 199 193
10111001100101110101011000110011 7 2 3 2 43 2 5 2 3
10111010010010011111011001101011 3 7 7 3 31 11 3 73 7
11110100010101110001001000001101 37 691 3 53 5 3 3155617 5 3
10101110111111100010011010110111 127 1093 3 13 541 3 7 5 3
10001100101000111110010001101011 43 2 7127 2 19 2 137 2 31
11101100000010001001111001010001 3 2 5 2 7 2 3 2 11
11101100110011101101001111110101 19 89 3 7 13 3 7 254627 3
10001100111000111010100001011001 3 11 3 3 5 3 3 3739 3
10011010110101111111100000011111 3 2 5 2 5 2 3 2 7
10010001010110001000101111100111 3 2 5 2 7 2 3 2 11
11111011110111100011010111100011 3 2 5 2 7 2 3 2 11
11010100100101100101111110111101 17 2 89 2 5 2 37 2 46573
10100100111000010110110101100011 3 2 5 2 7 2 3 2 11
10011001010100001111000101101001 3 37 3 3 5 3 3 1471 3
11100101010100111101111111010111 3 2 17 2 37 2 3 2 101
11000110010111111000100000011011 3 2 5 2 7 2 3 2 11
11001111111000100000010100001001 3 2 5 2 7 2 3 2 7
11000101001110010100001110000001 3 1223 19 3 47 5 3 11 191
10101101010000001000100101110111 17 163 3 19 5 3 537023 23 3
10000100111011010000111001011111 53 641 7 13 61 919 67 17 19
11001110111000100010011001010111 13 5 7 9839 11 967 5 26141 359
10110010001100110011001010010011 3 491 3 3 5 3 3 2069 3
11000000100000110011010110101101 3 2 5 2 7 2 3 2 11
10011000100001000111011110101101 3 2 5 2 7 2 3 2 11
11001010001110010001001111100111 7 5 23 43 13 11 5 7 19
10011010011000100111110111001011 5 2 3 2 37 2 5 2 3
10110101000010001111000011000101 37783 2 73 2 31 2 7 2 23
11011100101011000110111001011001 3 2 3 2 7 2 3 2 3
11101010001011000010001010111101 3 2 11 2 23 2 3 2 167
11100001101011111010000011101011 3 2 3 2 151 2 3 2 3
11101110110011000110101001110101 5 5 11 101 23017 5 5 97 13
10011001010001110001011011101111 5 2 3 2 37 2 5 2 3
10011000100011000101100101010111 3 13 3 3 5 3 3 7 3
11101011111001110001000010010011 17 5 2417 787 3851 173 5 8009 7
11110110101010111110101111011111 5 2 3 2 37 2 5 2 3
10001111100100000000011011111101 3 2 5 2 7 2 3 2 11
11111010000101100001000000101101 3 2 5 2 7 2 3 2 11
11110011101011111100100010001001 5 2 3 2 149 2 388529 2 3
10010101100000110011111111010001 3 103 23 3 3418469 71 3 63719 97
10110110000000111110110101001001 3 2 5 2 7 2 3 2 7
10110000011011100011010100110011 3 2 5 2 7 2 3 2 3971
10110110011111000000111111000101 5783 2 3 2 3180719 2 11 2 3
11001010100010001110010110000001 3 7 17 3 4009667 11 3 7 7
10110110101110001011110000111101 3 7 13 3 31 5 3 11 7
11110101100110101100010000100111 97 13 9829 7 127 442487 47 17 3203
10000000101001100111000110011011 37 2 13 2 127 2 7 2 43
10011101010010001110001010110101 3 2 5 2 7 2 3 2 11
10111000111100011110111101011101 7 5 3 7 43 3 5 7 3
10100010110010011000001001010111 5 2 17 2 37 2 5 2 101
11110011011110111100110001101001 3 2 5 2 5 2 3 2 11
10101011011100011010110010101011 3 2 3 2 31 2 3 2 3
10000010111001000010000000010111 23 5 61 11 17 29 5 17 7
11000100100100111100110111001011 1933 29 17 163 733 41 89 48991 1237
11000001111111001010111101011011 3 2 5 2 5 2 3 2 23
10101111001111100101110011000001 3 2 3 2 7 2 3 2 3
11101000101001001101001101011001 3 2 5 2 7 2 3 2 7
11001010010011000101011000000111 139 2 59 2 573497 2 7 2 9689
10101011001100111101010100011101 547 2 3 2 61 2 36229 2 3
10010000000100111110100011101001 13 2 6947 2 7867 2 7 2 461507
