Case #1:
1100000011010001 13 2 3 38 5857 6 29 2 3
1001011000111001 9 8 5 288 7 16 9 5 11
1101010101000011 305 4 17 16 37 4 5 8 101
1011111111000111 9 8 15 3 7 3 3 4 11
1101000011110111 65 10 17 2 5 2 5 2 49
1100110000001001 3 100 15 3 7 9 9 25 33
1111001010111011 21 5 11 9 157 73 5 7 2921
1100000010001111 5 73 13 47 11 5 7 1902881 223
1000001100110111 3 16 5 24 7 16 9 40 11
1011010000010101 3 7 13 3 13 29 399 73 71
1100101101001011 71 331 3 113081 353603 3 4389971 103 9
1011010001111001 47 197 3 23687 233 3 17 61 9
1010100101110001 3 8 5 3 13 4 3 20 11
1011111100011111 3 8 15 3 7 3 3 4 33
1011000101110111 251 2 41 2 5 2 29 2 7
1100000010011101 13 11 27733 37 83 61 7 89 23
1101101110110001 27 4 5 3 5 8 15 10 91
1110101000110001 167 2 709 4 169 2 3581 148 283
1011000111111001 3 20 35 762 5 8 45 10 11
1001011010000111 105 8 5 3 7 64 45 40 11
1111000111000111 5 10 17 2 185 10 13 2 101
1011100110100101 5 7 3 3793 2579 5 103 29 63
1011110010101001 3 25 3 3 139 3 15 97 3
1111000100000001 103 2 3 7 383 6 1451 2 3
1111000110000011 37 56 5 48 7 16 3 8 77
1101011010110001 17 89 3 17 59 3 367 1193 9
1111110100111011 63 7 39 7 31 696 513 4 3
1001101000111111 7 2 37 2 5 2 123619 49 17
1001010000001011 9 28 43 6 31 3 3 5 273
1110100110011101 45 4 5 18 5 5 3 10 11
1010011000001111 7 2 11 28 127 2 1248083 16 19
1110000110101011 21 13 63 3 23 171 3 7 3
1010011111101001 5 10 119 26 11 5 65 2 101
1111001111001101 13 13 47 317 161783 11 877 29 29
1100110010010101 83 31 2237 4 71 46 5 8 41
1011011001100111 3 4 7 6 5 20 3 5 11
1111110111001111 25 191 19 23 719 5 13859 271 13
1010000101010111 103 2 1549 4 193 2 7549 16 31
1101100010011111 15 4 25 6 5 5 9 37 17
1000000011100101 3 4 15 2 7 72 3 10 3
1010000011101111 3 23 3 3 523 3 33 7537 9
1011111101010111 11 2 3 8 353 2 311 4 3
1011010000111011 37 5 3 47 1229 9 5 61 9
1011110101010011 17 2 199 2 5 2 17 2 73
1001011100010111 3 5 3 9 2609 3 3 11 3
1100111000100111 5 23 3 191 257 3 37 2153 3
1011110110000011 5 119 3 617 8699 3 109 1283 27
1100100100000011 3 4 5 3 91 24 9 10 3
1111111111101011 5 2 391 26 37 2 35 178 101
1111001101111011 3 8 3 33 7 8 9 20 3
