Case #1: 2
Case #2: 1
Case #3: IMPOSSIBLE
Case #4: 1 2
Case #5: 2 3
Case #6: 1
Case #7: 1
Case #8: IMPOSSIBLE
Case #9: IMPOSSIBLE
Case #10: IMPOSSIBLE
Case #11: 6
Case #12: 2
Case #13: IMPOSSIBLE
Case #14: 2 146 290 434 578 722 866 1010 1154 1298 1442 1586 1730 1874 2018 2162 2306 2450 2594 2738 2882 3026 3170 3314 3458 3602 3746 3890 4034 4178 4322 4466 4610 4754 4898 71
Case #15: 28
Case #16: 102030405060709 91011121314151618 181920212223242527 272829303132333436 363738394041424345 454647484950515254 545556575859606163 636465666768697072 727374757677787981 818283848586878890 909192939495969799 100
Case #17: IMPOSSIBLE
Case #18: IMPOSSIBLE
Case #19: 5547 449252 892957 272
Case #20: 289534404509 185591553289693 370893572174877 556195591060061 741497609945245 926799628830429 1112101647715613 1297403666600797 1482705685485981 1668007704371165 81
Case #21: 1 2 3 4 5 6 7 8 9 10 11
Case #22: 1
Case #23: 1
Case #24: IMPOSSIBLE
Case #25: IMPOSSIBLE
Case #26: 11280469653 2650910368302 5290540266951
Case #27: 2302946864 647128068568 1291953190272 1936778311976 1537020
Case #28: IMPOSSIBLE
Case #29: 6
Case #30: 395260171 141503140910 282611021649 423718902388 564826783127 705934663866 847042544605 135148
Case #31: IMPOSSIBLE
Case #32: 657725884997660 4318
Case #33: 103 30406 60709 91012 121315 151618 181921 212224 242527 272830 303133 333436 363739 394042 424345 454648 484951 515254 545557 575860 606163 636466 666769 697072 727375 757678 787981 818284 848587 878890 909193 939496 969799 100
Case #34: IMPOSSIBLE
Case #35: 222382041797 398260782
Case #36: IMPOSSIBLE
Case #37: IMPOSSIBLE
Case #38: 1
Case #39: 10160736538774 4176062717435804 8341964698332834 12507866679229864 1722
Case #40: IMPOSSIBLE
Case #41: 2 76 150 224 298 372 446 520 594 668 742 816 890 964 1038 1112 1186 1260
Case #42: 10315155289473 6601699385262162 13193083615234851 19784467845207540 26375852075180229 32967236305152918 39558620535125607 46150004765098296
Case #43: 2
Case #44: 28
Case #45: 2 12
Case #46: 1
Case #47: 123456790
Case #48: 2
Case #49: 23609 3210714 6397819 9584924 12772029 20356
Case #50: IMPOSSIBLE
Case #51: 1 2 3 4 5 6 7 8 9 10 11 12 13 14 15 16 17 18 19 20 21 22 23 24 25 26 27 28 29 30 31 32 33 34 35 36 37 38 39 40 41 42 43 44 45 46 47 48 49 50 51 52 53 54 55 56 57 58 59 60 61 62 63 64 65 66 67 68 69 70 71 72 73 74 75 76 77 78 79 80 81 82 83 84 85 86 87 88 89 90 91 92 93 94 95 96 97 98 99 100
Case #52: 41812443100657 32780955390914386 65520098338728115 98259241286541844 130998384234355573 163737527182169302 196476670129983031 229215813077796760 261954956025610489 38054506582312
Case #53: 1
Case #54: IMPOSSIBLE
Case #55: 268822560488 170164680788336 340060539016184 509956397244032 679852255471880 849748113699728 1019643971927576 1189539830155424 1359435688383272 1529331546611120
Case #56: 1235 56790
Case #57: 3360282007 1861596231374 3719832180741 5578068130108 7436304079475 9294540028842 11152775978209 13011011927576 14869247876943 16727483826310 18585719775677 499120
Case #58: IMPOSSIBLE
Case #59: IMPOSSIBLE
Case #60: 28
Case #61: 623749 57384866
Case #62: 33 2826 5619 8412 11205 13998 16791 19584 22377 25170
Case #63: 10204 4050608 8091012 12131416 16171820 20212224 24252628 28293032 32333436 36373840 40414244 44454648 48495052 52535456 56575860 60616264 64656668 68697072 72737476 76777880 80818284 84858688 88899092 92939496 96979900
Case #64: 1
Case #65: 6
Case #66: 2 3
Case #67: 28
Case #68: 6
Case #69: 2853116706
Case #70: IMPOSSIBLE
Case #71: IMPOSSIBLE
Case #72: IMPOSSIBLE
Case #73: 4661 354186 703711 16
Case #74: 45323715237 13098553703286 26151783691335 1090937298
Case #75: 1 2 3
Case #76: IMPOSSIBLE
Case #77: IMPOSSIBLE
Case #78: IMPOSSIBLE
Case #79: 7228 2406608 4805988 7205368 9604748 12004128 14403508 16802888 19202268 21601648 24001028 26400408 28799788 31199168 33598548 35997928 38397308 40796688 43196068 45595448 47994828
Case #80: 2 204 406 608 810 1012 1214 1416 1618 1820 2022 2224 2426 2628 2830 3032 3234 3436 3638 3840 4042 4244 4446 4648 4850 5052 5254 5456 5658 5860 6062 6264 6466 6668 6870 7072 7274 7476 7678 7880 8082 8284 8486 8688 8890 9092 9294 9496 9698 9900
Case #81: 579 51459 102339 153219 204099 11086
Case #82: 2
Case #83: IMPOSSIBLE
Case #84: 628 58328 116028 173728 231428 289128
Case #85: 123456790
Case #86: 37982730 17586003564 35134024398 52682045232 70230066066 87778086900 105326107734 122874128568 140422149402 157970170236 175518191070 193066211904 210614232738
Case #87: 1 2 3 4
Case #88: IMPOSSIBLE
Case #89: 296411 96629686 192962961 289296236 385629511 481962786 578296061 674629336 770962611 867295886 963629161 1059962436 1156295711 66
Case #90: 103 30406 60709 91012 121315 151618 181921 212224 242527 272830 303133 333436 363739 394042 424345 454648 484951 515254 545557 575860 606163 636466 666769 697072 727375 757678 787981 818284 848587 878890 909193 939496 969799 100
Case #91: 7 4
Case #92: IMPOSSIBLE
Case #93: IMPOSSIBLE
Case #94: IMPOSSIBLE
Case #95: 5187 1457283 2909379 4361475 5813571 7265667 8717763 10169859 11621955 13074051 14526147 15978243 17430339 18882435 20334531 21786627 23238723 347758
Case #96: 49361 8687386 17325411 25963436 34601461 43239486 51877511 36
Case #97: 228 12048 23868 182
Case #98: 1 2 3 4 5 6 7 8 9 10 11 12 13 14 15 16 17 18 19 20 21 22 23 24 25 26 27 28 29 30 31 32 33 34 35 36 37 38 39 40 41 42 43 44 45 46 47 48 49 50 51 52 53 54 55 56 57 58 59 60 61 62 63 64 65 66 67 68 69 70 71 72
Case #99: 28
Case #100: IMPOSSIBLE
