100
2 3 2
1 1 1
2 1 1
2 1 2
3 2 3
1 100 1
1 4 1
52 1 1
100 2 49
3 2 1
3 28 2
2 2 1
90 4 19
71 2 67
4 29 1
100 9 12
11 1 10
43 2 6
17 5 9
81 8 79
11 1 11
1 3 1
1 77 1
47 1 40
100 4 24
27 9 8
36 8 5
92 8 8
3 3 1
52 7 18
10 5 1
17 14 4
100 3 81
40 3 13
18 11 18
84 1 16
80 8 9
1 71 1
42 10 12
100 1 99
36 2 28
72 9 8
2 4 1
4 7 2
4 2 2
1 25 1
10 18 1
2 59 1
28 5 26
100 3 33
100 1 100
88 9 65
1 2 1
100 9 11
80 8 10
10 5 2
80 7 24
62 1 2
36 8 4
4 4 1
14 7 2
30 3 28
100 4 25
1 29 1
3 4 1
3 2 2
4 26 4
3 37 1
11 17 1
3 1 2
4 1 3
100 1 1
16 5 10
33 9 26
3 1 3
72 9 7
96 2 14
10 1 4
84 4 70
100 2 50
23 4 14
2 3 1
14 7 1
24 4 7
10 18 8
78 6 36
4 1 4
93 3 22
66 5 42
100 3 34
4 3 2
10 3 3
4 3 1
4 2 1
71 4 40
36 5 18
14 4 12
72 1 72
4 22 3
72 1 71
