100
2 3 2
1 1 1
2 1 2
3 2 3
15 4 15
35 7 35
17 6 17
100 2 100
1 3 1
48 5 48
76 9 76
72 4 72
76 1 76
2 59 2
1 28 1
37 4 37
3 37 3
3 1 3
2 52 2
82 8 82
3 4 3
90 2 90
2 2 2
1 4 1
94 8 94
3 22 3
57 3 57
14 12 14
7 13 7
59 8 59
11 10 11
21 13 21
1 20 1
85 7 85
1 59 1
12 10 12
46 1 46
37 7 37
7 11 7
87 6 87
52 5 52
99 3 99
1 100 1
14 7 14
61 5 61
77 3 77
59 1 59
22 11 22
2 17 2
100 1 100
63 8 63
89 4 89
24 6 24
17 11 17
13 3 13
94 9 94
95 5 95
86 8 86
4 4 4
2 4 2
4 3 4
33 5 33
32 8 32
54 1 54
2 44 2
4 29 4
4 6 4
57 9 57
10 18 10
1 29 1
100 9 100
97 3 97
3 10 3
99 4 99
19 10 19
3 3 3
11 1 11
90 5 90
8 14 8
1 32 1
61 2 61
5 17 5
1 72 1
42 6 42
100 3 100
4 2 4
3 6 3
80 8 80
14 1 14
33 11 33
40 2 40
10 5 10
59 2 59
5 1 5
4 1 4
1 2 1
8 13 8
1 41 1
14 15 14
100 4 100
